em:
  hps:
    nu: 0.00016654392818967433
  time: 527.1055285781622
  value: 2.3208395815014213e-05
mv:
  hps:
    nu: 0.001666817417457596
  time: 845.8389174193144
  value: 2010.7650614282938
