hps:
  nu: 0.06168401180196603
time: 107.64208300039172
value: 0.48726089026436925
