em:
  hps:
    ff_dim: 32
    lr: 3.400423148775374e-05
    n_layers: 1
  time: 342.9633742980659
  value: 159981.6798206771
mv:
  hps:
    ff_dim: 8
    lr: 0.0003990391924822484
    n_layers: 2
  time: 308.23520608618855
  value: 5.822150847961893e-06
