em:
  hps:
    ff_dim: 32
    lr: 0.007953734773048723
    n_layers: 2
  time: 439.0125969289802
  value: 0.003591217588024516
mv:
  hps:
    ff_dim: 32
    lr: 0.00040428264673221255
    n_layers: 1
  time: 361.8781754029915
  value: 0.0
