em:
  hps:
    nu: 0.09701470552553115
  time: 1801.5694190610084
  value: 0.0003827131077387868
mv:
  hps:
    nu: 0.17327095373627593
  time: 1305.7025034959952
  value: 2510.792618742427
