em:
  hps:
    nu: 0.6970073405684558
  time: 1362.2751962915063
  value: 13.851260603477181
mv:
  hps:
    nu: 0.002414043910819424
  time: 1217.1454022303224
  value: 0.002295356437458853
