em:
  hps:
    nu: 0.04317590617067382
  time: 845.088511031121
  value: 349.14562560666184
mv:
  hps:
    nu: 0.8785777266001807
  time: 1204.428875938058
  value: 0.00014229506277479227
