em:
  hps:
    nu: 0.12692950139768064
  time: 1229.7446078956127
  value: 2.382520383392333e-05
mv:
  hps:
    nu: 0.14308536600517452
  time: 1220.533007401973
  value: 253.66662444826505
