hps:
  epsilon: 0.09876341944743647
  l: 5
time: 187.03924506530166
value: 0.035031203412545286
