hps:
  d_ff: 128
  dropout: 0.1
  lr: 0.00015222127033692596
time: 484.50882737338543
value: 0.04488454524694352
