hps:
  d_ff: 256
  dropout: 0
  lr: 2.5882749674869323e-05
time: 282.6301439020317
value: 0.18008633136871688
