hps:
  nu: 0.9977548904055444
time: 75.02801051363349
value: 0.004939948444159237
