hps:
  bootstrap: true
  max_features: 0.7
  max_samples: 0.02
  n_estimators: 100
time: 53.072412081062794
value: 0.006435725128841163
