em:
  hps:
    nu: 0.10439558570332125
  time: 454.87752123799874
  value: 35924.147505916306
mv:
  hps:
    nu: 0.006484407610918202
  time: 106.59076235702378
  value: 1.4822882658337408e-05
