em:
  hps:
    ff_dim: 16
    lr: 0.0019911324072886235
    n_layers: 1
  time: 300.6048170289723
  value: 0.00017281863162894092
mv:
  hps:
    ff_dim: 16
    lr: 0.009624921323032857
    n_layers: 1
  time: 312.50964999903226
  value: 5431.758823911023
