hps:
  ff_dim: 8
  lr: 1.8827687551468217e-05
  n_layers: 2
time: 238.8053402043879
value: 0.06154615298086241
