hps:
  ff_dim: 32
  lr: 1.3422091421335745e-05
  n_layers: 2
time: 304.4642089419067
value: 0.0044929680699828944
