em:
  hps:
    nu: 0.15405728597968416
  time: 1209.654619321227
  value: 2.2861560173900142e-05
mv:
  hps:
    nu: 0.5441096088047158
  time: 1212.9996833726764
  value: 263.5140768617299
