em:
  hps:
    nu: 0.0045008749681041856
  time: 1222.4795246789872
  value: 6.285580470968738
mv:
  hps:
    nu: 0.12339041658629453
  time: 1205.8839646129927
  value: 0.011184164482777507
