em:
  hps:
    ff_dim: 8
    lr: 0.017205676632400663
    n_layers: 2
  time: 357.8683474548161
  value: 2.099587772256261e-05
mv:
  hps:
    ff_dim: 16
    lr: 0.00021055677287627614
    n_layers: 1
  time: 302.116988889873
  value: 2613.8887994298593
