hps:
  metric: l2
  n_neighbors: 5
time: 88.28286935389042
value: 0.7070656884646872
