hps:
  nu: 0.1539352619297316
time: 18.010806497186422
value: 0.002987528986471588
