em:
  hps:
    nu: 0.5384435181683447
  time: 489.1859695725143
  value: 1.750868057861125e-05
mv:
  hps:
    nu: 0.29190362770080613
  time: 1082.4690977297723
  value: 304.0070195239806
