hps:
  d_ff: 512
  dropout: 0.1
  lr: 6.572517393432704e-05
time: 421.0993810609798
value: 0.0668434083798819
