hps:
  nu: 0.4117307070158158
time: 30.95326542109251
value: 0.008518667300189353
