hps:
  d_ff: 128
  dropout: 0
  lr: 3.6530151908071053e-05
time: 316.7218873500824
value: 0.0536675895761195
