hps:
  epsilon: 0.09511551539005934
  l: 1
time: 192.35541031882167
value: 0.7462310164715419
