em:
  hps:
    nu: 0.06628018547170343
  time: 1296.982588305982
  value: 0.00177179893452391
mv:
  hps:
    nu: 0.2212124361232934
  time: 1206.968636737991
  value: 4361.506113218085
