em:
  hps:
    nu: 0.5420205595243602
  time: 1373.8908607019985
  value: 0.0006926103115800445
mv:
  hps:
    nu: 0.03834627106337006
  time: 1296.3942456509976
  value: 2186.111626893109
