em:
  hps:
    bootstrap: true
    max_features: 0.5
    max_samples: 0.05
    n_estimators: 400
  time: 1290.996182272007
  value: 69.11927394250012
mv:
  hps:
    bootstrap: false
    max_features: 1.0
    max_samples: 0.05
    n_estimators: 400
  time: 1482.4206794109778
  value: 0.00036014867081966145
