hps:
  ff_dim: 32
  lr: 0.040770196696802784
  n_layers: 1
time: 334.45267667621374
value: 0.9990440949737897
