em:
  hps:
    nu: 0.054332770033224884
  time: 1225.214298735984
  value: 495.73771373389565
mv:
  hps:
    nu: 0.03908293344180013
  time: 1201.855248775013
  value: 0.0009744982437871832
