em:
  hps:
    nu: 0.7720708663932727
  time: 1648.1662412434816
  value: 16.140711331119398
mv:
  hps:
    nu: 0.00040025777649343357
  time: 1618.2590649873018
  value: 0.002506280026654371
