em:
  hps:
    bootstrap: true
    max_features: 0.5
    max_samples: 0.02
    n_estimators: 400
  time: 1210.4629559591413
  value: 1.4472684671130532e-05
mv:
  hps:
    bootstrap: false
    max_features: 1.0
    max_samples: 0.02
    n_estimators: 400
  time: 1207.3768685050309
  value: 3099.1241156008473
