em:
  hps:
    ff_dim: 8
    lr: 1.151996691559193e-05
    n_layers: 2
  time: 480.8661996459996
  value: 129.15054837035782
mv:
  hps:
    ff_dim: 8
    lr: 0.05277168521823392
    n_layers: 1
  time: 360.6100303719868
  value: 0.0023463863043730335
