hps:
  metric: l1
  n_neighbors: 13
time: 114.5382587723434
value: 0.9973706018083281
