hps:
  ff_dim: 16
  lr: 8.624871193064109e-05
  n_layers: 2
time: 307.7537250071764
value: 0.02482467724769788
