em:
  hps:
    nu: 0.9765174933196823
  time: 1552.3382595330477
  value: 2.2496282053780044e-05
mv:
  hps:
    nu: 0.15857661331023604
  time: 1226.6085270829499
  value: 252.27960681828984
