hps:
  d_ff: 512
  dropout: 0.1
  lr: 0.00023545009642890946
time: 365.2346635237336
value: 0.03939914506685249
