hps:
  ff_dim: 8
  lr: 1.2338796186702491e-05
  n_layers: 1
time: 334.2839567139745
value: 0.002442005882078435
