hps:
  metric: l1
  n_neighbors: 5
time: 40.16280762478709
value: 0.6118583568198479
