em:
  hps:
    nu: 0.796071424886086
  time: 1297.938360561995
  value: 0.00044054817472439817
mv:
  hps:
    nu: 0.020984364589363404
  time: 1287.3743227500236
  value: 2442.5001562499992
