hps:
  metric: l1
  n_neighbors: 13
time: 1337.005264647305
value: 0.9891768449616438
