em:
  hps:
    bootstrap: false
    max_features: 0.5
    max_samples: 0.05
    n_estimators: 100
  time: 1233.0069452412426
  value: 0.1676319109802595
mv:
  hps:
    bootstrap: false
    max_features: 0.5
    max_samples: 0.05
    n_estimators: 100
  time: 1025.316213272512
  value: 0.2959382820953441
