em:
  hps:
    bootstrap: false
    max_features: 1.0
    max_samples: 0.05
    n_estimators: 100
  time: 1017.2569751031697
  value: 25.88622387805184
mv:
  hps:
    bootstrap: true
    max_features: 1.0
    max_samples: 0.05
    n_estimators: 100
  time: 1154.3047377988696
  value: 0.04449576981958918
