hps:
  ff_dim: 8
  lr: 0.007980981771321978
  n_layers: 2
time: 306.34121926128864
value: 0.0040880481017817605
