em:
  hps:
    ff_dim: 32
    lr: 9.834127779294189e-05
    n_layers: 1
  time: 323.29575499892235
  value: 0.00016171942361853985
mv:
  hps:
    ff_dim: 16
    lr: 0.020231755609957127
    n_layers: 2
  time: 303.9512184038758
  value: 1994.0953183593747
