em:
  hps:
    ff_dim: 32
    lr: 0.003810446439167449
    n_layers: 2
  time: 327.88683894998394
  value: 0.0011069150654655089
mv:
  hps:
    ff_dim: 8
    lr: 0.0040708134406017915
    n_layers: 1
  time: 236.6313940110267
  value: 1.6886451795101172
