hps:
  epsilon: 0.01006109602001011
  l: 3
time: 650.7767109833658
value: 0.8965353578956504
