em:
  hps:
    ff_dim: 16
    lr: 0.00022559151859369487
    n_layers: 1
  time: 361.3731306605041
  value: 188.5827921878786
mv:
  hps:
    ff_dim: 32
    lr: 2.652589924007281e-05
    n_layers: 1
  time: 302.8105428144336
  value: 0.007364857256412505
