em:
  hps:
    bootstrap: false
    max_features: 0.7
    max_samples: 0.02
    n_estimators: 400
  time: 1235.278947133571
  value: 0.1403696830010403
mv:
  hps:
    bootstrap: false
    max_features: 1.0
    max_samples: 0.05
    n_estimators: 100
  time: 1168.9564702026546
  value: 0.35299290582521836
