hps:
  ff_dim: 32
  lr: 2.97670074011758e-05
  n_layers: 2
time: 308.132072750479
value: 0.0536275453084748
