em:
  hps:
    bootstrap: false
    max_features: 0.7
    max_samples: 0.05
    n_estimators: 200
  time: 1246.1351731270552
  value: 2.5487241087543424e-05
mv:
  hps:
    bootstrap: false
    max_features: 1.0
    max_samples: 0.02
    n_estimators: 200
  time: 1245.0852019153535
  value: 1845.3547863576832
