em:
  hps:
    bootstrap: false
    max_features: 1.0
    max_samples: 0.02
    n_estimators: 400
  time: 2292.121373358008
  value: 0.0033429397032173555
mv:
  hps:
    bootstrap: true
    max_features: 0.5
    max_samples: 0.02
    n_estimators: 400
  time: 4092.511587121
  value: 199.4859448565178
