em:
  hps:
    nu: 0.13987510308068074
  time: 1347.6064582057297
  value: 3155092.947344631
mv:
  hps:
    nu: 0.0017537771765024552
  time: 545.7157592922449
  value: 4.978358855220715e-08
