em:
  hps:
    nu: 0.7247246924531949
  time: 1266.44633294901
  value: 0.002456988092568364
mv:
  hps:
    nu: 0.008888522811642006
  time: 1206.2134888169821
  value: 1217.624834192553
