em:
  hps:
    nu: 0.7116964778631197
  time: 1404.6581296361983
  value: 1.4924043661356941e-05
mv:
  hps:
    nu: 0.003052477063586837
  time: 1376.6973730102181
  value: 3093.8853518397354
