em:
  hps:
    nu: 0.00753529129533908
  time: 1246.492173511011
  value: 60.73776369006355
mv:
  hps:
    nu: 0.0005121029612767291
  time: 1281.3385927189956
  value: 0.00021200726200680645
