em:
  hps:
    bootstrap: true
    max_features: 0.7
    max_samples: 0.02
    n_estimators: 400
  time: 1438.7576932907104
  value: 90.14685618773531
mv:
  hps:
    bootstrap: true
    max_features: 0.7
    max_samples: 0.05
    n_estimators: 400
  time: 1405.8007329031825
  value: 0.004117145370122953
