em:
  hps:
    bootstrap: true
    max_features: 0.5
    max_samples: 0.05
    n_estimators: 400
  time: 1734.5114131942391
  value: 10.307330348747914
mv:
  hps:
    bootstrap: false
    max_features: 0.5
    max_samples: 0.05
    n_estimators: 400
  time: 1502.087970573455
  value: 0.0006433683500515194
