em:
  hps:
    ff_dim: 32
    lr: 0.0027130843555348235
    n_layers: 1
  time: 364.0682034827769
  value: 16.90770769182342
mv:
  hps:
    ff_dim: 32
    lr: 0.010794870883871282
    n_layers: 1
  time: 311.72094735875726
  value: 0.0029374349322170016
