hps:
  metric: l1
  n_neighbors: 15
time: 712.0101604796946
value: 0.6630278281559621
