em:
  hps:
    bootstrap: false
    max_features: 1.0
    max_samples: 0.01
    n_estimators: 100
  time: 1310.5137560019793
  value: 53.83891797321427
mv:
  hps:
    bootstrap: true
    max_features: 0.7
    max_samples: 0.05
    n_estimators: 100
  time: 1231.6264454119955
  value: 0.0009745010209317117
