em:
  hps:
    nu: 0.2304468471530133
  time: 1215.9609662406147
  value: 2.380235137299162e-05
mv:
  hps:
    nu: 0.7588188952218802
  time: 1577.3634432516992
  value: 247.7199391023706
