hps:
  epsilon: 0.05747176127579817
  l: 3
time: 90.04084633500315
value: 0.9756244356825612
