em:
  hps:
    nu: 0.37327899862372227
  time: 1269.7224700376391
  value: 4.661129237514686
mv:
  hps:
    nu: 0.07275469444167249
  time: 2206.184729140252
  value: 0.0013681168049868304
