hps:
  ff_dim: 32
  lr: 0.04376295304144202
  n_layers: 2
time: 317.30203476175666
value: 0.005847167069078729
