hps:
  nu: 0.8479974856393905
time: 333.8535005080048
value: 1.0
