hps:
  d_ff: 256
  dropout: 0.1
  lr: 2.0108394752472844e-05
time: 424.71102814003825
value: 0.02051264819857379
