em:
  hps:
    bootstrap: true
    max_features: 0.7
    max_samples: 0.05
    n_estimators: 100
  time: 1213.6768366582692
  value: 8924.244690092291
mv:
  hps:
    bootstrap: false
    max_features: 0.5
    max_samples: 0.05
    n_estimators: 200
  time: 825.684403821826
  value: 1.4254434740192563e-05
