em:
  hps:
    nu: 0.3147661193583775
  time: 1256.7419789098203
  value: 12582.828098665417
mv:
  hps:
    nu: 0.00010467040472014792
  time: 356.9936542697251
  value: 0.00019093089305439193
