em:
  hps:
    nu: 0.02574264857502511
  time: 55.25669529501465
  value: 19870286393.179253
mv:
  hps:
    nu: 0.0036531285636555257
  time: 40.11860567898839
  value: 1.2973293684300806e-10
