hps:
  bootstrap: false
  max_features: 1.0
  max_samples: 0.05
  n_estimators: 100
time: 54.38383949548006
value: 0.019409282007353035
