em:
  hps:
    ff_dim: 32
    lr: 1.316349502473256e-05
    n_layers: 1
  time: 326.4673126116395
  value: 2.8294861388636947e-05
mv:
  hps:
    ff_dim: 32
    lr: 0.002475420548598261
    n_layers: 2
  time: 408.1406901665032
  value: 4232.444132812499
