em:
  hps:
    ff_dim: 32
    lr: 0.012948494992986165
    n_layers: 2
  time: 319.6917118988931
  value: 0.1441230063542446
mv:
  hps:
    ff_dim: 8
    lr: 0.014597166610162405
    n_layers: 2
  time: 319.43775762990117
  value: 0.34471352648735043
