em:
  hps:
    nu: 0.00014843886320010206
  time: 928.3063268363476
  value: 6081.116280683473
mv:
  hps:
    nu: 0.032990254411286266
  time: 1133.618896447122
  value: 8.169833359715995e-06
