em:
  hps:
    ff_dim: 32
    lr: 0.0008577110862053427
    n_layers: 2
  time: 391.7585246525705
  value: 234.8319320176289
mv:
  hps:
    ff_dim: 16
    lr: 0.02600093159317915
    n_layers: 1
  time: 312.41660107672215
  value: 0.00021156278997659677
