hps:
  epsilon: 0.06217174794329807
  l: 1
time: 182.82105553522706
value: 0.3019037816615697
