em:
  hps:
    ff_dim: 8
    lr: 0.0006396925983427536
    n_layers: 2
  time: 361.8762485794723
  value: 227.60862756302365
mv:
  hps:
    ff_dim: 8
    lr: 5.8219654471477324e-05
    n_layers: 1
  time: 352.2818034142256
  value: 0.00039372486853972064
