hps:
  bootstrap: true
  max_features: 1.0
  max_samples: 0.05
  n_estimators: 100
time: 81.20959951356053
value: 0.5530381081238118
