em:
  hps:
    nu: 0.6995311892058874
  time: 1420.7818364948034
  value: 0.0007795141676170867
mv:
  hps:
    nu: 0.0006521787808985449
  time: 1294.3485551066697
  value: 3299.8924888161414
