hps:
  d_ff: 128
  dropout: 0.1
  lr: 0.0002507949667737688
time: 371.6016427539289
value: 0.026568373531339562
