hps:
  ff_dim: 32
  lr: 0.0548284698339611
  n_layers: 1
time: 305.4491718187928
value: 0.052820650677112835
