em:
  hps:
    bootstrap: false
    max_features: 0.7
    max_samples: 0.02
    n_estimators: 200
  time: 1125.917825192213
  value: 0.25927417621647203
mv:
  hps:
    bootstrap: false
    max_features: 1.0
    max_samples: 0.05
    n_estimators: 200
  time: 662.4557567685843
  value: 0.5951358693364944
