hps:
  metric: l1
  n_neighbors: 5
time: 1213.0786405280232
value: 0.10517882756838126
