hps:
  d_ff: 256
  dropout: 0
  lr: 0.006253386553283713
time: 514.6079344229656
value: 0.12841824629970244
