em:
  hps:
    ff_dim: 16
    lr: 0.0001241113238037647
    n_layers: 1
  time: 397.2687360389973
  value: 0.0016815421322968378
mv:
  hps:
    ff_dim: 16
    lr: 0.08343344536748655
    n_layers: 2
  time: 388.06356703297934
  value: 2033.9730392303632
