em:
  hps:
    nu: 0.32174023261429796
  time: 616.392782650888
  value: 2.954109926235614e-05
mv:
  hps:
    nu: 0.15104661364813518
  time: 364.47174011170864
  value: 189.57025429421773
