hps:
  bootstrap: true
  max_features: 0.7
  max_samples: 0.01
  n_estimators: 100
time: 53.4194242246449
value: 0.0025510204081632404
