hps:
  nu: 0.0022118023738491592
time: 156.60634900000878
value: 0.4434334157497767
