em:
  hps:
    ff_dim: 16
    lr: 0.0005252651396705295
    n_layers: 1
  time: 339.95342910662293
  value: 0.054911650885312926
mv:
  hps:
    ff_dim: 32
    lr: 4.9429415201284884e-05
    n_layers: 1
  time: 303.75706354156137
  value: 2.4323585563866503
