em:
  hps:
    nu: 0.25255183183750607
  time: 1222.4728819392622
  value: 1.3968383790472292e-05
mv:
  hps:
    nu: 0.013030619264855303
  time: 632.8133861944079
  value: 3194.771578800537
