em:
  hps:
    nu: 0.7025322976156309
  time: 280.57131150600617
  value: 4957317.687288422
mv:
  hps:
    nu: 0.6478733241305297
  time: 295.6304800120124
  value: 5.85050610679531e-08
