em:
  hps:
    nu: 0.8296113914310718
  time: 1296.4846365440171
  value: 90.15747748249419
mv:
  hps:
    nu: 0.15811082758764003
  time: 1409.065924872004
  value: 0.06648353934409343
