em:
  hps:
    nu: 0.9660415168123491
  time: 3974.5021696463227
  value: 74.25040796565169
mv:
  hps:
    nu: 0.41469920338686256
  time: 1239.4384321011603
  value: 9.217637430025836e-05
