hps:
  ff_dim: 8
  lr: 0.01585986686318482
  n_layers: 2
time: 95.77959189401008
value: 0.7636145049882883
