hps:
  d_ff: 256
  dropout: 0.1
  lr: 6.0941410625007966e-05
time: 303.82269198819995
value: 0.0448581391699322
