em:
  hps:
    nu: 0.3254147640899302
  time: 1204.0902143232524
  value: 10.557046413817629
mv:
  hps:
    nu: 0.007173760128522774
  time: 743.7557065077126
  value: 0.0011571520550202874
