hps:
  ff_dim: 16
  lr: 0.00950254458571982
  n_layers: 1
time: 318.8427704589558
value: 0.7377981740304488
