em:
  hps:
    bootstrap: false
    max_features: 1.0
    max_samples: 0.05
    n_estimators: 400
  time: 1048.3728822949925
  value: 7770035.969115157
mv:
  hps:
    bootstrap: false
    max_features: 0.7
    max_samples: 0.01
    n_estimators: 100
  time: 463.3895206020097
  value: 5.268366737650857e-07
