em:
  hps:
    ff_dim: 32
    lr: 0.00401558071875337
    n_layers: 2
  time: 330.75886335223913
  value: 2.5301893580259453e-05
mv:
  hps:
    ff_dim: 32
    lr: 0.009910654598893977
    n_layers: 1
  time: 302.48169273138046
  value: 2743.2511347656246
