em:
  hps:
    nu: 0.19723496922102945
  time: 1248.5839967913926
  value: 234.8319320176289
mv:
  hps:
    nu: 0.002735345161506929
  time: 465.7583821564913
  value: 0.00021156278997659677
