em:
  hps:
    nu: 0.7991490937736886
  time: 1221.7126410390192
  value: 102.87367878804463
mv:
  hps:
    nu: 0.8032079486905757
  time: 1244.1638115769892
  value: 5.030705192543971e-08
