em:
  hps:
    nu: 0.004512400612656679
  time: 1584.3793222270033
  value: 2.0403572105315034e-05
mv:
  hps:
    nu: 0.049673059748339896
  time: 1530.7632886409992
  value: 2285.4177070312494
