em:
  hps:
    nu: 0.10823255769796815
  time: 1210.1386198662221
  value: 7722.937232870536
mv:
  hps:
    nu: 0.14884203057159867
  time: 1207.8478491939604
  value: 3.169535065535455e-05
