em:
  hps:
    ff_dim: 16
    lr: 0.02917725215344778
    n_layers: 2
  time: 322.2313209470012
  value: 0.011425625264308063
mv:
  hps:
    ff_dim: 8
    lr: 0.007523175077047274
    n_layers: 1
  time: 300.20581410097657
  value: 0.0
