hps:
  d_ff: 256
  dropout: 0
  lr: 0.0032929375147681813
time: 367.9227968715131
value: 0.06596602575765997
