em:
  hps:
    nu: 0.010054725293884903
  time: 1702.7456964299781
  value: 107.01353005870797
mv:
  hps:
    nu: 0.00010110958332922048
  time: 1522.8963014619949
  value: 0.0
