hps:
  epsilon: 0.010084471230156883
  l: 5
time: 711.1570282615721
value: 0.9188247232946625
