em:
  hps:
    bootstrap: false
    max_features: 1.0
    max_samples: 0.02
    n_estimators: 200
  time: 1262.7529920740053
  value: 1214.0509099050053
mv:
  hps:
    bootstrap: false
    max_features: 0.5
    max_samples: 0.05
    n_estimators: 100
  time: 1264.5236855550029
  value: 1.7564091325461602e-07
