em:
  hps:
    ff_dim: 8
    lr: 0.0010958398003660318
    n_layers: 1
  time: 407.17611199617386
  value: 2.341563495053734e-05
mv:
  hps:
    ff_dim: 8
    lr: 0.05909405195005602
    n_layers: 2
  time: 344.1655329428613
  value: 2360.549039062499
