em:
  hps:
    nu: 0.0031092698764671463
  time: 645.1116041205823
  value: 16.90770769182342
mv:
  hps:
    nu: 0.0035928905088299747
  time: 322.4736473672092
  value: 0.0029374349322170016
