em:
  hps:
    bootstrap: true
    max_features: 0.7
    max_samples: 0.05
    n_estimators: 100
  time: 1410.6417551487684
  value: 14122594.722331818
mv:
  hps:
    bootstrap: false
    max_features: 0.7
    max_samples: 0.02
    n_estimators: 100
  time: 1224.843171339482
  value: 1.682637573594547e-07
