em:
  hps:
    bootstrap: false
    max_features: 1.0
    max_samples: 0.02
    n_estimators: 400
  time: 1218.099545680976
  value: 0.001820870554701403
mv:
  hps:
    bootstrap: true
    max_features: 0.5
    max_samples: 0.05
    n_estimators: 400
  time: 1347.278238222003
  value: 1695.9802925596427
