em:
  hps:
    nu: 0.4609767151742752
  time: 2050.5043526664376
  value: 4.277083753220934
mv:
  hps:
    nu: 0.047884541914916555
  time: 2246.0085381269455
  value: 0.005518744662639588
