em:
  hps:
    bootstrap: false
    max_features: 0.5
    max_samples: 0.01
    n_estimators: 100
  time: 1504.641431313008
  value: 0.011518985352652774
mv:
  hps:
    bootstrap: true
    max_features: 0.7
    max_samples: 0.05
    n_estimators: 400
  time: 1561.7688141092658
  value: 6.9955801667657385
