em:
  hps:
    nu: 0.8857068441555526
  time: 1202.2270991849946
  value: 131.68287330565317
mv:
  hps:
    nu: 0.9136446866305786
  time: 1233.8868293699925
  value: 3.177333536446516e-05
