hps:
  d_ff: 128
  dropout: 0
  lr: 0.0015457208870675128
time: 304.69675120711327
value: 0.003963827684349552
