hps:
  epsilon: 0.08623952143785955
  l: 1
time: 676.4276309758425
value: 0.11933568194054955
