hps:
  epsilon: 0.0864991833837511
  l: 3
time: 184.2146052196622
value: 1.0
