hps:
  ff_dim: 8
  lr: 1.9211608020298463e-05
  n_layers: 1
time: 306.16594664007425
value: 0.5540052908806691
