hps:
  ff_dim: 16
  lr: 0.07204171531479062
  n_layers: 2
time: 195.63929204270244
value: 0.32639406818751526
