em:
  hps:
    nu: 0.9757935694791207
  time: 1264.1205377040023
  value: 2.9365613668086357
mv:
  hps:
    nu: 0.02377928345471107
  time: 622.6958785880124
  value: 0.13109282934665678
