em:
  hps:
    ff_dim: 8
    lr: 2.2636780870314158e-05
    n_layers: 1
  time: 375.1733657529694
  value: 0.0004199200483038074
mv:
  hps:
    ff_dim: 32
    lr: 0.0009897512704155685
    n_layers: 2
  time: 322.8373381579877
  value: 1220.7847788033037
