hps:
  ff_dim: 16
  lr: 0.00024043610437577293
  n_layers: 2
time: 326.4691512212157
value: 0.09979258661540613
