em:
  hps:
    bootstrap: true
    max_features: 1.0
    max_samples: 0.05
    n_estimators: 400
  time: 1252.6951620094478
  value: 1.9399920988966536e-05
mv:
  hps:
    bootstrap: false
    max_features: 1.0
    max_samples: 0.05
    n_estimators: 400
  time: 1211.2089653462172
  value: 302.4281142926544
