hps:
  epsilon: 0.02743045742736041
  l: 1
time: 625.3277758769691
value: 1.0000000000000002
