hps:
  nu: 0.015289040096783335
time: 234.66524013504386
value: 0.9049742522260518
