em:
  hps:
    bootstrap: true
    max_features: 1.0
    max_samples: 0.05
    n_estimators: 400
  time: 1002.9623021740117
  value: 0.10087369728648657
mv:
  hps:
    bootstrap: false
    max_features: 1.0
    max_samples: 0.05
    n_estimators: 100
  time: 764.1966376859928
  value: 2.017999040797022
