hps:
  bootstrap: false
  max_features: 0.5
  max_samples: 0.02
  n_estimators: 200
time: 120.5866119787097
value: 0.9995115405260333
