hps:
  d_ff: 512
  dropout: 0
  lr: 9.42554229368328e-05
time: 302.93459802493453
value: 0.05749423072439386
