hps:
  epsilon: 0.021980380468902008
  l: 2
time: 186.4456832781434
value: 0.6692533711116249
