em:
  hps:
    bootstrap: true
    max_features: 0.7
    max_samples: 0.01
    n_estimators: 400
  time: 1457.358940176986
  value: 0.00019693893225296218
mv:
  hps:
    bootstrap: true
    max_features: 1.0
    max_samples: 0.01
    n_estimators: 200
  time: 1549.4250136320188
  value: 2131.8080674994044
