em:
  hps:
    ff_dim: 32
    lr: 6.841287158324611e-05
    n_layers: 2
  time: 339.0308564975858
  value: 6479.100949710944
mv:
  hps:
    ff_dim: 8
    lr: 2.4586209616341305e-05
    n_layers: 2
  time: 305.6309679709375
  value: 0.00024587354692630467
