hps:
  metric: l1
  n_neighbors: 15
time: 29.56108810007572
value: 0.039042561800491704
