hps:
  bootstrap: false
  max_features: 0.5
  max_samples: 0.05
  n_estimators: 100
time: 36.63793107122183
value: 0.0002539360081259545
