hps:
  metric: l1
  n_neighbors: 5
time: 1353.1898032166064
value: 0.9415196252592586
