em:
  hps:
    nu: 0.2055281226075683
  time: 1223.669918306172
  value: 2.28839835349039e-05
mv:
  hps:
    nu: 0.19637740326203554
  time: 1321.4742851778865
  value: 264.72998389634006
