em:
  hps:
    bootstrap: false
    max_features: 0.5
    max_samples: 0.02
    n_estimators: 200
  time: 1261.0624022334814
  value: 4.1777309745599426e-05
mv:
  hps:
    bootstrap: true
    max_features: 1.0
    max_samples: 0.05
    n_estimators: 200
  time: 1061.0704010091722
  value: 2234.8203654829776
