hps:
  epsilon: 0.028068646679694748
  l: 2
time: 158.59415703639388
value: 0.6932600304617703
