em:
  hps:
    ff_dim: 16
    lr: 0.03931707565747397
    n_layers: 2
  time: 364.7060818870086
  value: 2.8788918568150135
mv:
  hps:
    ff_dim: 16
    lr: 1.1162589707316167e-05
    n_layers: 2
  time: 475.06455832900247
  value: 0.01769156036154408
