em:
  hps:
    nu: 0.1611829831041653
  time: 1909.9147572999937
  value: 53119962.65447438
mv:
  hps:
    nu: 0.0005255301890429865
  time: 2213.911143446021
  value: 3.5787522193686513e-08
