em:
  hps:
    ff_dim: 16
    lr: 0.023909211670824423
    n_layers: 2
  time: 300.5378036648035
  value: 2.274322841731341e-05
mv:
  hps:
    ff_dim: 32
    lr: 1.7960204056947454e-05
    n_layers: 1
  time: 350.593647968024
  value: 2131.687584542291
