hps:
  epsilon: 0.07345369892092343
  l: 3
time: 163.34924383834004
value: 0.03481006768095707
