hps:
  nu: 0.0028581107391184067
time: 166.4172531105578
value: 0.20964753541346814
