em:
  hps:
    bootstrap: false
    max_features: 0.7
    max_samples: 0.01
    n_estimators: 100
  time: 1749.809953219985
  value: 110709.53465207008
mv:
  hps:
    bootstrap: false
    max_features: 0.5
    max_samples: 0.02
    n_estimators: 200
  time: 1740.9589745890116
  value: 6.927507788532237e-07
