em:
  hps:
    ff_dim: 8
    lr: 7.077128010516285e-05
    n_layers: 2
  time: 493.51684699201724
  value: 0.00016437018102069586
mv:
  hps:
    ff_dim: 8
    lr: 0.0007268653643557477
    n_layers: 2
  time: 365.1543051159824
  value: 2299.396892997891
