em:
  hps:
    nu: 0.3155916433032814
  time: 1201.4511352370027
  value: 146.14765813949325
mv:
  hps:
    nu: 0.03643923995033714
  time: 1101.6912344869925
  value: 0.0004643996332995028
