em:
  hps:
    nu: 0.05552308947637822
  time: 495.72934808954597
  value: 74.33868431691432
mv:
  hps:
    nu: 0.00023516981243096587
  time: 156.7352842502296
  value: 0.0006681763026863334
