em:
  hps:
    nu: 0.0014058470383873792
  time: 501.48755890130997
  value: 0.00021448091838906138
mv:
  hps:
    nu: 0.0018413841747936782
  time: 573.509935375303
  value: 2075.6209207601078
