em:
  hps:
    nu: 0.0817220399075987
  time: 1090.32011911273
  value: 2.259831618255007e-05
mv:
  hps:
    nu: 0.5671010751520251
  time: 1218.2542293407023
  value: 263.52097751009296
