em:
  hps:
    ff_dim: 8
    lr: 1.4769484171935728e-05
    n_layers: 2
  time: 339.0276238024235
  value: 3.1192722927112686e-05
mv:
  hps:
    ff_dim: 8
    lr: 2.1192973788248977e-05
    n_layers: 2
  time: 354.57966670393944
  value: 1773.5093538791352
