em:
  hps:
    nu: 0.0031960555268335106
  time: 1763.0276873139956
  value: 0.0021806550353858584
mv:
  hps:
    nu: 0.19895014866329944
  time: 1562.2681840849982
  value: 2731.387763671874
