hps:
  bootstrap: true
  max_features: 1.0
  max_samples: 0.05
  n_estimators: 400
time: 178.68685814365745
value: 0.005198462687802774
