hps:
  ff_dim: 32
  lr: 0.013349432443936316
  n_layers: 2
time: 301.9906955882907
value: 0.01079825030764281
