em:
  hps:
    ff_dim: 8
    lr: 0.0003049395946636957
    n_layers: 2
  time: 308.37375159561634
  value: 151.90022282837538
mv:
  hps:
    ff_dim: 32
    lr: 0.0048466157406542075
    n_layers: 1
  time: 306.4340128079057
  value: 0.0006681763026863334
