hps:
  d_ff: 256
  dropout: 0
  lr: 0.00016569790532168187
time: 302.87526156008244
value: 0.055406491560989646
