hps:
  nu: 0.0005947685346851842
time: 203.4633875170257
value: 0.6190825795167875
