hps:
  epsilon: 0.098780796766687
  l: 5
time: 761.6064344719052
value: 0.02096315529388959
