hps:
  epsilon: 0.026077122526827597
  l: 2
time: 191.75252160429955
value: 0.9974359247161445
