hps:
  metric: l1
  n_neighbors: 5
time: 846.7472550719976
value: 0.30398896051946456
