hps:
  ff_dim: 32
  lr: 6.036442520999494e-05
  n_layers: 1
time: 326.2528557665646
value: 0.017799699740177477
