em:
  hps:
    bootstrap: false
    max_features: 1.0
    max_samples: 0.01
    n_estimators: 200
  time: 1322.2950293458998
  value: 1.764928579536767e-05
mv:
  hps:
    bootstrap: false
    max_features: 0.7
    max_samples: 0.05
    n_estimators: 400
  time: 1287.2857697047293
  value: 3122.5100635235053
