em:
  hps:
    bootstrap: false
    max_features: 0.7
    max_samples: 0.01
    n_estimators: 400
  time: 1224.0686366599984
  value: 0.003407683686737786
mv:
  hps:
    bootstrap: true
    max_features: 0.7
    max_samples: 0.01
    n_estimators: 100
  time: 1592.2248683859943
  value: 269.46039604972907
