em:
  hps:
    ff_dim: 8
    lr: 0.00013371639500736048
    n_layers: 2
  time: 387.97452471998986
  value: 10.842380786319035
mv:
  hps:
    ff_dim: 16
    lr: 9.512116746936918e-05
    n_layers: 2
  time: 358.24546018399997
  value: 0.004278344742431861
