hps:
  ff_dim: 8
  lr: 0.0004827030679767167
  n_layers: 1
time: 300.39306065812707
value: 0.07138988911187727
