hps:
  nu: 0.00024126364730868056
time: 1.3460657749674283
value: 0.5563236449255324
