hps:
  d_ff: 256
  dropout: 0.1
  lr: 0.00011815949673201971
time: 357.80978298932314
value: 0.04246813137379779
