hps:
  metric: l1
  n_neighbors: 15
time: 39.95712912798626
value: 0.6820306982899295
