em:
  hps:
    nu: 0.13350766386412272
  time: 236.28889382697525
  value: 32548386339.390564
mv:
  hps:
    nu: 0.00012379493770985637
  time: 177.75716519900016
  value: 0.0
