em:
  hps:
    bootstrap: false
    max_features: 1.0
    max_samples: 0.05
    n_estimators: 400
  time: 1185.5030121930176
  value: 232347364.52482134
mv:
  hps:
    bootstrap: false
    max_features: 1.0
    max_samples: 0.05
    n_estimators: 100
  time: 798.230056994973
  value: 2.4351421859917247e-08
