em:
  hps:
    nu: 0.4446414567616362
  time: 1309.842833511997
  value: 1564.2092570101556
mv:
  hps:
    nu: 0.07141134571961667
  time: 1066.4673072590085
  value: 0.00028123187770726283
