hps:
  metric: l2
  n_neighbors: 5
time: 39.85886573046446
value: 0.9442271178250087
