em:
  hps:
    nu: 0.00028551440877261537
  time: 828.5391643382609
  value: 0.00040944411325459317
mv:
  hps:
    nu: 0.015781861333909308
  time: 1219.4263544902205
  value: 120.3370814800969
