hps:
  nu: 0.00011578541134533479
time: 2.0130556520307437
value: 0.8702784430644894
