em:
  hps:
    ff_dim: 8
    lr: 3.7253677589342075e-05
    n_layers: 1
  time: 375.39051093533635
  value: 5.942548259633394e-05
mv:
  hps:
    ff_dim: 16
    lr: 0.00023865161316044865
    n_layers: 1
  time: 322.89452753961086
  value: 717.7922555763421
