hps:
  ff_dim: 32
  lr: 0.01265776712336713
  n_layers: 2
time: 301.23686480149627
value: 1.0
