hps:
  nu: 0.10019906589473063
time: 410.30036394600756
value: 0.5690474524630602
