em:
  hps:
    bootstrap: true
    max_features: 1.0
    max_samples: 0.05
    n_estimators: 100
  time: 1112.1563610149897
  value: 3280959.3384714336
mv:
  hps:
    bootstrap: true
    max_features: 0.7
    max_samples: 0.01
    n_estimators: 100
  time: 498.27676064000116
  value: 4.392206113972987e-07
