hps:
  d_ff: 512
  dropout: 0
  lr: 3.298726230171599e-05
time: 307.14761458337307
value: 1.0
