hps:
  ff_dim: 32
  lr: 0.026759312324752028
  n_layers: 2
time: 300.81693778932095
value: 0.00019402405898327757
