em:
  hps:
    nu: 0.9920980027965169
  time: 714.754724599421
  value: 4797649.782573141
mv:
  hps:
    nu: 0.0009955552137009775
  time: 75.86906249821186
  value: 1.330390621577551e-07
