em:
  hps:
    nu: 0.0001469224629726395
  time: 800.2101020179689
  value: 21.68200394237958
mv:
  hps:
    nu: 0.135906922714546
  time: 1206.5057182572782
  value: 0.002290815023705363
