em:
  hps:
    bootstrap: false
    max_features: 0.7
    max_samples: 0.05
    n_estimators: 200
  time: 841.626279655844
  value: 1.2796486172096104e-05
mv:
  hps:
    bootstrap: true
    max_features: 0.7
    max_samples: 0.05
    n_estimators: 400
  time: 810.4669895134866
  value: 404.3671032669098
