em:
  hps:
    bootstrap: true
    max_features: 1.0
    max_samples: 0.02
    n_estimators: 200
  time: 1231.5683487653732
  value: 972263.9247550485
mv:
  hps:
    bootstrap: true
    max_features: 1.0
    max_samples: 0.05
    n_estimators: 100
  time: 620.9783107116818
  value: 1.4954845597008953e-06
