hps:
  nu: 0.0016933687937402968
time: 88.56872402504086
value: 1.0
