em:
  hps:
    bootstrap: false
    max_features: 1.0
    max_samples: 0.01
    n_estimators: 400
  time: 1208.416286630003
  value: 12164498313.253311
mv:
  hps:
    bootstrap: true
    max_features: 0.7
    max_samples: 0.02
    n_estimators: 100
  time: 884.2844687959878
  value: 6.670246086411412e-10
