hps:
  metric: l2
  n_neighbors: 5
time: 1242.348782364279
value: 0.05695382734061705
