em:
  hps:
    bootstrap: true
    max_features: 0.7
    max_samples: 0.05
    n_estimators: 400
  time: 1208.5111863985658
  value: 958955.9904671113
mv:
  hps:
    bootstrap: false
    max_features: 0.7
    max_samples: 0.05
    n_estimators: 100
  time: 1239.8440847359598
  value: 3.5130330540981338e-06
