hps:
  d_ff: 512
  dropout: 0
  lr: 2.6222932781179104e-05
time: 333.12266282737255
value: 0.001612049521098835
