hps:
  d_ff: 512
  dropout: 0.1
  lr: 0.0075224046311204995
time: 300.8189330883324
value: 0.025404569434161473
