em:
  hps:
    nu: 0.038919349568899426
  time: 1212.4722673557699
  value: 3.141303459119159e-05
mv:
  hps:
    nu: 0.0001565245943111148
  time: 1071.655030656606
  value: 1646.416404865814
