hps:
  nu: 0.0005079811043069588
time: 7.516617476940155
value: 0.20268483992799835
