hps:
  d_ff: 256
  dropout: 0.1
  lr: 0.0008070447621370287
time: 417.9344739615917
value: 0.23222161226476856
