hps:
  ff_dim: 16
  lr: 2.7524047454031325e-05
  n_layers: 2
time: 77.34959219995653
value: 0.07719511259133804
