hps:
  ff_dim: 32
  lr: 0.03826841688151152
  n_layers: 1
time: 64.50225833203876
value: 0.8326625520775016
