em:
  hps:
    ff_dim: 16
    lr: 0.00025852925083555314
    n_layers: 1
  time: 301.74884989857674
  value: 0.02904301885599271
mv:
  hps:
    ff_dim: 8
    lr: 0.0012680944020229043
    n_layers: 1
  time: 338.1314379684627
  value: 1.7100367012023923
