em:
  hps:
    bootstrap: false
    max_features: 0.5
    max_samples: 0.02
    n_estimators: 100
  time: 1178.7969133110018
  value: 32548386339.390564
mv:
  hps:
    bootstrap: true
    max_features: 0.7
    max_samples: 0.02
    n_estimators: 200
  time: 1215.8427807810076
  value: 0.0
