hps:
  epsilon: 0.0995812686438295
  l: 4
time: 192.3985170200467
value: 0.002624836760534044
