hps:
  ff_dim: 16
  lr: 0.00502346992990767
  n_layers: 2
time: 303.275395732373
value: 0.06266305637146086
