em:
  hps:
    ff_dim: 8
    lr: 2.2109926894713412e-05
    n_layers: 1
  time: 315.7077745832503
  value: 5.5927825497520094e-05
mv:
  hps:
    ff_dim: 16
    lr: 0.012952484363365524
    n_layers: 2
  time: 305.0220530927181
  value: 2962.879927734375
