hps:
  ff_dim: 16
  lr: 0.0002510307697536616
  n_layers: 1
time: 303.3958547078073
value: 0.013089889672479926
