hps:
  metric: l2
  n_neighbors: 15
time: 26.3800675496459
value: 0.015625
