em:
  hps:
    bootstrap: true
    max_features: 1.0
    max_samples: 0.05
    n_estimators: 400
  time: 1074.996664389968
  value: 1.7750225532812428e-05
mv:
  hps:
    bootstrap: false
    max_features: 0.5
    max_samples: 0.05
    n_estimators: 400
  time: 953.7314300313592
  value: 304.32204503209437
