hps:
  ff_dim: 16
  lr: 0.024144679440649196
  n_layers: 2
time: 305.32013184949756
value: 0.004076356101554102
