em:
  hps:
    bootstrap: true
    max_features: 1.0
    max_samples: 0.01
    n_estimators: 400
  time: 1726.9905541820044
  value: 2586.6396770305255
mv:
  hps:
    bootstrap: true
    max_features: 0.5
    max_samples: 0.02
    n_estimators: 200
  time: 1976.0960682310106
  value: 0.00010133152307546313
