hps:
  ff_dim: 32
  lr: 0.01869663793120697
  n_layers: 2
time: 242.25098945200443
value: 0.011889348341566852
