em:
  hps:
    bootstrap: true
    max_features: 0.5
    max_samples: 0.01
    n_estimators: 400
  time: 1458.5058905482292
  value: 1001013.7114753887
mv:
  hps:
    bootstrap: false
    max_features: 0.7
    max_samples: 0.05
    n_estimators: 200
  time: 1322.3037743344903
  value: 4.9631373826741756e-08
