em:
  hps:
    ff_dim: 32
    lr: 1.0575571043742726e-05
    n_layers: 2
  time: 434.76349702104926
  value: 4534133.068565585
mv:
  hps:
    ff_dim: 32
    lr: 0.026152537320445954
    n_layers: 2
  time: 417.9206188470125
  value: 1.390358739038591e-07
