em:
  hps:
    nu: 0.05354809188989459
  time: 1628.7364505790174
  value: 0.1441230063542446
mv:
  hps:
    nu: 0.19284180668250142
  time: 1212.7393410690129
  value: 0.34471352648735043
