hps:
  metric: l2
  n_neighbors: 5
time: 55.79319567233324
value: 0.9999999999999999
