em:
  hps:
    bootstrap: false
    max_features: 1.0
    max_samples: 0.05
    n_estimators: 200
  time: 1176.3856139555573
  value: 1.7326838892594364e-05
mv:
  hps:
    bootstrap: false
    max_features: 1.0
    max_samples: 0.05
    n_estimators: 400
  time: 1035.623490266502
  value: 331.0485173725905
