em:
  hps:
    ff_dim: 16
    lr: 0.02057594269381756
    n_layers: 1
  time: 327.03959134221077
  value: 1.5616340107993378e-05
mv:
  hps:
    ff_dim: 8
    lr: 8.262986885259588e-05
    n_layers: 2
  time: 311.1579209677875
  value: 2430.177450415434
