em:
  hps:
    bootstrap: false
    max_features: 0.7
    max_samples: 0.02
    n_estimators: 400
  time: 1344.667142715014
  value: 17355.086834267564
mv:
  hps:
    bootstrap: false
    max_features: 1.0
    max_samples: 0.05
    n_estimators: 200
  time: 1485.4474047900003
  value: 4.0267981224646e-08
