hps:
  metric: l1
  n_neighbors: 15
time: 1264.273303795606
value: 0.9887705874357693
