hps:
  ff_dim: 32
  lr: 0.010899046523227195
  n_layers: 1
time: 301.9309188313782
value: 0.03100004769636866
