hps:
  ff_dim: 16
  lr: 3.350169672688625e-05
  n_layers: 2
time: 308.8598903119564
value: 0.003758380464315647
