em:
  hps:
    nu: 0.00013671629389983608
  time: 489.2201311737299
  value: 385.2807247143176
mv:
  hps:
    nu: 0.00010666606993979061
  time: 233.13356104120612
  value: 0.0021107052009429763
