hps:
  epsilon: 0.020179480279035218
  l: 3
time: 379.0398283749819
value: 0.9420233818467082
