hps:
  nu: 0.00020979332773763125
time: 164.66559140011668
value: 0.009212297181491969
