hps:
  nu: 0.5515908815738483
time: 39.05002445727587
value: 0.003735502199169738
