em:
  hps:
    ff_dim: 8
    lr: 3.431247499888002e-05
    n_layers: 2
  time: 332.76558523252606
  value: 0.00394400267495306
mv:
  hps:
    ff_dim: 8
    lr: 0.02540511858486417
    n_layers: 1
  time: 321.74596735462546
  value: 13.953973446600749
