hps:
  d_ff: 512
  dropout: 0
  lr: 0.002317630890899623
time: 364.9185391664505
value: 0.6151249301269868
