em:
  hps:
    ff_dim: 32
    lr: 1.4731392586472063e-05
    n_layers: 2
  time: 411.46410603198456
  value: 356423621.7315736
mv:
  hps:
    ff_dim: 32
    lr: 1.457591283160082e-05
    n_layers: 1
  time: 429.58174760101247
  value: 1.179530009665086e-08
