hps:
  nu: 0.1997866975652766
time: 85.67723787203431
value: 0.8149824347170534
