hps:
  epsilon: 0.08986484896243419
  l: 5
time: 188.734549254179
value: 0.03654424346785745
