hps:
  ff_dim: 8
  lr: 0.060458187180476304
  n_layers: 1
time: 308.5623181089759
value: 0.34850674956467953
