hps:
  metric: l1
  n_neighbors: 5
time: 14.945570027979556
value: 0.45792225709685064
