em:
  hps:
    nu: 0.9794570942204097
  time: 1502.865114055574
  value: 1.5594599913575327
mv:
  hps:
    nu: 0.0007629264113428742
  time: 624.5833368487656
  value: 0.009747451553945467
