hps:
  epsilon: 0.010191182903861807
  l: 1
time: 287.79642237350345
value: 0.9480244082577782
