hps:
  ff_dim: 16
  lr: 0.00013482132838690496
  n_layers: 2
time: 209.03626580536366
value: 0.0038186896589457175
