hps:
  d_ff: 512
  dropout: 0.1
  lr: 8.491361075512146e-05
time: 315.9014237523079
value: 0.007736428344402135
