em:
  hps:
    bootstrap: true
    max_features: 1.0
    max_samples: 0.05
    n_estimators: 200
  time: 1211.7653922773898
  value: 75.5796075189934
mv:
  hps:
    bootstrap: false
    max_features: 0.7
    max_samples: 0.02
    n_estimators: 400
  time: 1283.003204356879
  value: 0.002290815023705363
