em:
  hps:
    ff_dim: 32
    lr: 0.0004947125518471382
    n_layers: 1
  time: 319.4571780152619
  value: 0.0005901368604156266
mv:
  hps:
    ff_dim: 32
    lr: 1.236297132627477e-05
    n_layers: 1
  time: 301.5853989832103
  value: 3602.0240699625383
