em:
  hps:
    bootstrap: false
    max_features: 0.7
    max_samples: 0.05
    n_estimators: 200
  time: 1244.998036146164
  value: 97.88485523340667
mv:
  hps:
    bootstrap: true
    max_features: 0.7
    max_samples: 0.05
    n_estimators: 400
  time: 1681.1144575998187
  value: 0.006536041239960831
