hps:
  d_ff: 512
  dropout: 0.1
  lr: 0.0002524740523668581
time: 306.5140051804483
value: 0.1060016540324995
