em:
  hps:
    ff_dim: 16
    lr: 0.07934668209775612
    n_layers: 2
  time: 336.22474847733974
  value: 1.5254479934065871e-05
mv:
  hps:
    ff_dim: 32
    lr: 0.0014047936740011844
    n_layers: 1
  time: 332.53097113221884
  value: 3675.800940142345
