hps:
  epsilon: 0.021455607397864992
  l: 4
time: 184.6035846322775
value: 0.7270430678817354
