hps:
  metric: l1
  n_neighbors: 5
time: 494.23678048100555
value: 0.710074213676336
