hps:
  epsilon: 0.03178809869515211
  l: 3
time: 92.50698453933
value: 0.7283199128986031
