em:
  hps:
    ff_dim: 8
    lr: 0.0014555841305982807
    n_layers: 1
  time: 356.78548308461905
  value: 2.3986899610422713e-05
mv:
  hps:
    ff_dim: 16
    lr: 0.09340630999763434
    n_layers: 1
  time: 302.4185433834791
  value: 2076.83553515625
