hps:
  nu: 0.9510694433308783
time: 3.2438014080398716
value: 0.6608189654715888
