hps:
  d_ff: 128
  dropout: 0
  lr: 0.0015171961406929293
time: 494.7633218750125
value: 0.023164430696018035
