hps:
  bootstrap: false
  max_features: 0.5
  max_samples: 0.01
  n_estimators: 400
time: 73.66219685226679
value: 0.03594802851891865
