hps:
  d_ff: 256
  dropout: 0.1
  lr: 0.0015783200503007668
time: 382.174825951457
value: 0.006690905072460063
