hps:
  d_ff: 512
  dropout: 0.1
  lr: 0.00029756197814975185
time: 356.14665973186493
value: 0.1472526234969449
