hps:
  ff_dim: 8
  lr: 3.027577628840132e-05
  n_layers: 2
time: 301.87275755405426
value: 0.030277859529152407
