hps:
  epsilon: 0.02428322805769933
  l: 1
time: 374.24909510090947
value: 0.9231447496338927
