hps:
  ff_dim: 8
  lr: 0.0005283375580451498
  n_layers: 1
time: 306.5900509720086
value: 1.0
