em:
  hps:
    bootstrap: false
    max_features: 0.5
    max_samples: 0.01
    n_estimators: 400
  time: 1215.5569116957486
  value: 672422.4247198285
mv:
  hps:
    bootstrap: false
    max_features: 0.7
    max_samples: 0.05
    n_estimators: 200
  time: 606.3098705857992
  value: 1.3325785861830756e-06
