em:
  hps:
    nu: 0.001408924880689848
  time: 164.23912509300862
  value: 7855208.496937906
mv:
  hps:
    nu: 0.0014488895143186854
  time: 212.7618907750002
  value: 5.968013642715411e-07
