em:
  hps:
    bootstrap: false
    max_features: 1.0
    max_samples: 0.05
    n_estimators: 400
  time: 1231.699390847236
  value: 0.00046279911102699013
mv:
  hps:
    bootstrap: true
    max_features: 1.0
    max_samples: 0.05
    n_estimators: 100
  time: 1336.0514285080135
  value: 1706.9538071109196
