hps:
  d_ff: 512
  dropout: 0.1
  lr: 4.022216445257913e-05
time: 356.94085850939155
value: 0.11620822708154177
