hps:
  ff_dim: 8
  lr: 2.5280715613618952e-05
  n_layers: 2
time: 317.9597573056817
value: 0.008262749029666727
