hps:
  ff_dim: 16
  lr: 1.722650041346039e-05
  n_layers: 2
time: 443.235328823328
value: 0.003291126300135394
