hps:
  nu: 0.0002779721679944849
time: 137.12847970798612
value: 0.9481852586591331
