em:
  hps:
    nu: 0.38590545026436557
  time: 1244.5703789840045
  value: 87.30828447812551
mv:
  hps:
    nu: 0.07991413987019257
  time: 1192.7551824639959
  value: 0.006211474711792067
