em:
  hps:
    nu: 0.6343780290662117
  time: 1388.7533369287848
  value: 14.926818973650093
mv:
  hps:
    nu: 0.0040349926581981456
  time: 1204.9134992584586
  value: 0.00199777390034889
