em:
  hps:
    nu: 0.4170150752761578
  time: 1239.8535548821092
  value: 23371.16547774521
mv:
  hps:
    nu: 0.03070918943981162
  time: 328.6833322830498
  value: 5.1428137812124766e-05
