hps:
  nu: 0.9638621200500868
time: 442.1373055339791
value: 0.7977086356633375
