hps:
  bootstrap: true
  max_features: 1.0
  max_samples: 0.05
  n_estimators: 100
time: 58.08316854014993
value: 0.018889346085407377
