em:
  hps:
    nu: 0.01862979876969422
  time: 1382.6191469430923
  value: 80.42184428768238
mv:
  hps:
    nu: 0.8290767589165003
  time: 1558.6989111863077
  value: 0.00011453692218450087
