hps:
  epsilon: 0.010071139323112242
  l: 2
time: 178.69668972864747
value: 0.024786673120829716
