hps:
  nu: 0.0003743802952641081
time: 5.591368613997474
value: 0.07719511259133804
