hps:
  d_ff: 128
  dropout: 0
  lr: 8.106407915894181e-05
time: 306.2867674715817
value: 0.0011023411495370006
