em:
  hps:
    nu: 0.9923291527099714
  time: 663.6507113619882
  value: 10725627.59120379
mv:
  hps:
    nu: 0.9966181837331889
  time: 967.2461650840123
  value: 8.401793357185632e-08
