em:
  hps:
    ff_dim: 16
    lr: 2.3097720563223586e-05
    n_layers: 2
  time: 393.0905179604888
  value: 0.0013162705729544944
mv:
  hps:
    ff_dim: 16
    lr: 0.04239935729449313
    n_layers: 1
  time: 442.65408173576
  value: 39.58847351598983
