em:
  hps:
    nu: 0.02085246445614537
  time: 1189.6731093488634
  value: 1470.3545685128172
mv:
  hps:
    nu: 0.0009447063184322673
  time: 533.5475159846246
  value: 0.0002453022925809949
