hps:
  d_ff: 128
  dropout: 0.1
  lr: 0.0046995791572777825
time: 311.15397500246763
value: 0.016611367704492785
