em:
  hps:
    bootstrap: false
    max_features: 1.0
    max_samples: 0.05
    n_estimators: 400
  time: 1233.0550394579768
  value: 0.0036318128868280427
mv:
  hps:
    bootstrap: false
    max_features: 0.5
    max_samples: 0.05
    n_estimators: 400
  time: 1218.0261442288756
  value: 7.495297021484108
