em:
  hps:
    ff_dim: 16
    lr: 0.0001393234141448643
    n_layers: 2
  time: 313.27064676210284
  value: 6.698778816707456e-05
mv:
  hps:
    ff_dim: 8
    lr: 0.0045224199438809
    n_layers: 1
  time: 302.819320037961
  value: 1898.6258671874996
