hps:
  d_ff: 512
  dropout: 0.1
  lr: 0.00046636681179430123
time: 390.31287371739745
value: 0.038691019685876515
