hps:
  epsilon: 0.06867240073611074
  l: 2
time: 182.56265993788838
value: 0.0354661298289205
