em:
  hps:
    ff_dim: 16
    lr: 0.0075028468059727856
    n_layers: 1
  time: 325.6870604410069
  value: 0.000669042263105868
mv:
  hps:
    ff_dim: 8
    lr: 0.001446329405126219
    n_layers: 2
  time: 300.9921509869746
  value: 4418.123206047927
