hps:
  bootstrap: true
  max_features: 0.7
  max_samples: 0.05
  n_estimators: 100
time: 212.70551303500542
value: 0.13800927694721565
