em:
  hps:
    nu: 0.21662625158870305
  time: 329.0877673109935
  value: 62097168.38129381
mv:
  hps:
    nu: 0.00046789861955947736
  time: 117.67161516202032
  value: 0.0
