hps:
  nu: 0.04594906630883229
time: 4.2307277449872345
value: 0.14104132026447969
