hps:
  epsilon: 0.016114621890294896
  l: 5
time: 586.2393676713109
value: 0.0015494747280672128
