em:
  hps:
    nu: 0.022847463382156773
  time: 2136.3379850909114
  value: 92.09623707260444
mv:
  hps:
    nu: 0.0004955685357332941
  time: 2447.48529888317
  value: 6.875462569589688e-05
