hps:
  epsilon: 0.0413432323176795
  l: 1
time: 183.71297651500208
value: 0.6822185218134327
