em:
  hps:
    bootstrap: true
    max_features: 0.7
    max_samples: 0.05
    n_estimators: 100
  time: 1207.0253000670054
  value: 118.16183282316517
mv:
  hps:
    bootstrap: true
    max_features: 0.7
    max_samples: 0.05
    n_estimators: 400
  time: 1281.9500769090082
  value: 2.4267082366101197e-06
