hps:
  d_ff: 256
  dropout: 0
  lr: 0.0007014177852843221
time: 509.88724191999063
value: 0.25602942926631567
