hps:
  bootstrap: false
  max_features: 1.0
  max_samples: 0.01
  n_estimators: 100
time: 37.39872145903064
value: 0.2685006559556684
