hps:
  d_ff: 256
  d_layers: 2
  d_model: 256
  dropout: 0.1
  e_layers: 1
  factor: 3
  lr: 0.0005374867918281691
  n_heads: 8
  num_levels: 1
time: 302.8526060990989
value: 0.050535694547298005
