em:
  hps:
    nu: 0.005581004652223118
  time: 943.2956904110033
  value: 0.007590391039643083
mv:
  hps:
    nu: 0.15418489973881747
  time: 1214.4010069340002
  value: 0.0
