hps:
  metric: l2
  n_neighbors: 15
time: 1251.93671416695
value: 0.9235303941312012
