hps:
  nu: 0.20925159057400963
time: 509.58809358254075
value: 0.0008037226445362089
