em:
  hps:
    nu: 0.2079525706433266
  time: 1261.0797208026052
  value: 2.2453578882209437e-05
mv:
  hps:
    nu: 0.8733656351721851
  time: 1235.886658553034
  value: 266.07131793700756
