hps:
  nu: 0.005458683942627439
time: 47.37154534459114
value: 1.0
