em:
  hps:
    ff_dim: 8
    lr: 0.00018722852369983505
    n_layers: 2
  time: 521.7596580770041
  value: 15586.45710752115
mv:
  hps:
    ff_dim: 32
    lr: 0.0023797762574238727
    n_layers: 1
  time: 532.387274897017
  value: 0.00018849461164791132
