em:
  hps:
    ff_dim: 16
    lr: 0.0009368199778621459
    n_layers: 1
  time: 529.375816298998
  value: 0.0029414651756868512
mv:
  hps:
    ff_dim: 32
    lr: 0.0018855304830930268
    n_layers: 1
  time: 416.9705338329659
  value: 2074.607434298767
