em:
  hps:
    nu: 0.6286841637528868
  time: 1267.8170722983778
  value: 10.534092084305744
mv:
  hps:
    nu: 0.005893028493225097
  time: 764.5716585479677
  value: 0.0017219340590388726
