em:
  hps:
    nu: 0.2386893993569368
  time: 1457.1851088179974
  value: 197294.25759990647
mv:
  hps:
    nu: 0.8213280374674292
  time: 2444.1192876780115
  value: 1.4943761512104683e-07
