em:
  hps:
    nu: 0.005312632357743482
  time: 1240.0970152650261
  value: 0.0035379255855605024
mv:
  hps:
    nu: 0.0005215026184454992
  time: 1797.8118426850124
  value: 2049.088705810018
