em:
  hps:
    ff_dim: 32
    lr: 0.005284229881006303
    n_layers: 2
  time: 469.7602772890241
  value: 0.0018130756869651375
mv:
  hps:
    ff_dim: 8
    lr: 0.0001474572188810939
    n_layers: 2
  time: 452.6430442999699
  value: 3335.8397845665218
