hps:
  epsilon: 0.010061976953170406
  l: 2
time: 727.5580134168267
value: 0.8161744379282481
