hps:
  ff_dim: 8
  lr: 0.01365428444832938
  n_layers: 2
time: 311.81093851849437
value: 0.004332650338541022
