em:
  hps:
    nu: 0.03725745313309845
  time: 1738.3516215495765
  value: 4.343864629725503
mv:
  hps:
    nu: 0.08504996437116248
  time: 1374.2008767873049
  value: 0.0014598566375680496
