hps:
  ff_dim: 32
  lr: 6.713056108167829e-05
  n_layers: 2
time: 326.21701531112194
value: 0.008028346443123668
