em:
  hps:
    ff_dim: 32
    lr: 0.0011087295037909815
    n_layers: 2
  time: 317.4324075952172
  value: 0.0007664571410364754
mv:
  hps:
    ff_dim: 16
    lr: 0.024444554999787472
    n_layers: 1
  time: 309.8026645295322
  value: 3662.741898499165
