em:
  hps:
    bootstrap: true
    max_features: 0.5
    max_samples: 0.01
    n_estimators: 100
  time: 1296.6403603210056
  value: 0.0013237132632623301
mv:
  hps:
    bootstrap: false
    max_features: 0.5
    max_samples: 0.01
    n_estimators: 400
  time: 1292.6637549079896
  value: 1983.1929169975
