hps:
  d_ff: 512
  dropout: 0.1
  lr: 1.5842903723255127e-05
time: 257.2542747830157
value: 0.1531411432204075
