em:
  hps:
    nu: 0.001397195008809761
  time: 1211.3648027554154
  value: 0.0860294280463179
mv:
  hps:
    nu: 0.0005905359544102486
  time: 767.6084565743804
  value: 0.5775102124214172
