em:
  hps:
    nu: 0.39207681126031085
  time: 397.1854763031006
  value: 1.991738294784927e-05
mv:
  hps:
    nu: 0.0984545331641467
  time: 237.81422784924507
  value: 295.14484840684975
