em:
  hps:
    nu: 0.6095186828236223
  time: 834.336634863168
  value: 17259.525069755742
mv:
  hps:
    nu: 0.6135592954457381
  time: 1234.1030545085669
  value: 2.8775737100659164e-06
