hps:
  ff_dim: 8
  lr: 0.003888026274177654
  n_layers: 2
time: 301.933302603662
value: 0.010647232969381082
