em:
  hps:
    bootstrap: true
    max_features: 0.5
    max_samples: 0.05
    n_estimators: 400
  time: 1265.3147822040191
  value: 14305048.511816196
mv:
  hps:
    bootstrap: false
    max_features: 0.5
    max_samples: 0.02
    n_estimators: 100
  time: 1103.922821330023
  value: 4.830174225389782e-07
