hps:
  epsilon: 0.015758806657100333
  l: 3
time: 598.393154360354
value: 0.013382205597500252
