em:
  hps:
    bootstrap: true
    max_features: 0.5
    max_samples: 0.02
    n_estimators: 400
  time: 1299.0987222369877
  value: 3751602861.1567335
mv:
  hps:
    bootstrap: false
    max_features: 0.5
    max_samples: 0.01
    n_estimators: 200
  time: 1588.471630555985
  value: 1.3240450111307033e-11
