hps:
  epsilon: 0.08954769051633053
  l: 4
time: 333.79143932199804
value: 0.32428808717252167
