hps:
  ff_dim: 32
  lr: 0.006785400490702483
  n_layers: 2
time: 300.98262702673674
value: 0.6357758812345374
