hps:
  ff_dim: 8
  lr: 0.0737019998892185
  n_layers: 1
time: 301.7430416457355
value: 0.0333877383210196
