em:
  hps:
    ff_dim: 32
    lr: 0.00010370416550426205
    n_layers: 1
  time: 318.7110432498157
  value: 1.8026126448792738e-05
mv:
  hps:
    ff_dim: 8
    lr: 0.09971625612018441
    n_layers: 1
  time: 294.3712291419506
  value: 3371.8181835937494
