hps:
  epsilon: 0.02610583244259943
  l: 1
time: 736.3618232905865
value: 0.014942713548814823
