em:
  hps:
    bootstrap: true
    max_features: 0.7
    max_samples: 0.05
    n_estimators: 400
  time: 1341.4766528233886
  value: 95.75883965762182
mv:
  hps:
    bootstrap: false
    max_features: 0.7
    max_samples: 0.05
    n_estimators: 100
  time: 1550.3743286244571
  value: 0.011920412991023827
