em:
  hps:
    nu: 0.012578545539565708
  time: 1237.8687965360004
  value: 49.44286066144852
mv:
  hps:
    nu: 0.6299539925472581
  time: 1660.4294935279759
  value: 0.00032769493101463416
