hps:
  bootstrap: false
  max_features: 0.7
  max_samples: 0.05
  n_estimators: 400
time: 64.39919330179691
value: 0.9997151201761947
