em:
  hps:
    bootstrap: false
    max_features: 1.0
    max_samples: 0.02
    n_estimators: 100
  time: 1212.3105266615748
  value: 3409841.362450014
mv:
  hps:
    bootstrap: false
    max_features: 0.5
    max_samples: 0.05
    n_estimators: 100
  time: 583.8593519963324
  value: 3.042105397279202e-07
