hps:
  epsilon: 0.08359035613583389
  l: 3
time: 52.31420372001594
value: 0.46049569331604545
