em:
  hps:
    nu: 0.29343655072561997
  time: 1243.7749171368778
  value: 1.6447457339044257e-05
mv:
  hps:
    nu: 0.007537093355441806
  time: 1923.8300820551813
  value: 2595.319020413519
