hps:
  metric: l1
  n_neighbors: 13
time: 1246.3749195672572
value: 0.9095667985143484
