em:
  hps:
    nu: 0.0054859488452167265
  time: 113.03485157599789
  value: 2435904.7953124996
mv:
  hps:
    nu: 0.0027919615961517737
  time: 124.72702374399523
  value: 3.587863630668316e-07
