hps:
  epsilon: 0.010297018956104735
  l: 1
time: 190.8586872406304
value: 0.6690074547417179
