em:
  hps:
    nu: 0.005935456346163462
  time: 1208.0460409596562
  value: 17.17160025660787
mv:
  hps:
    nu: 0.0002981234854748762
  time: 742.3028093054891
  value: 0.07770214291447816
