hps:
  ff_dim: 8
  lr: 0.053956724024682476
  n_layers: 1
time: 310.72568601742387
value: 0.0026473007206966326
