em:
  hps:
    ff_dim: 32
    lr: 0.00013845288774479527
    n_layers: 2
  time: 371.48138672701316
  value: 0.0018219354016300857
mv:
  hps:
    ff_dim: 32
    lr: 0.00029056286874898346
    n_layers: 2
  time: 322.601774425013
  value: 1360.3384106342
