hps:
  nu: 0.050761910343918484
time: 91.48539677262306
value: 0.18995541337838828
