hps:
  d_ff: 256
  dropout: 0.1
  lr: 6.105984236838147e-05
time: 303.30581180006266
value: 0.10692262482410508
