em:
  hps:
    bootstrap: true
    max_features: 0.5
    max_samples: 0.01
    n_estimators: 200
  time: 1284.5334024615586
  value: 2.269842358681633
mv:
  hps:
    bootstrap: true
    max_features: 1.0
    max_samples: 0.05
    n_estimators: 100
  time: 1228.9523036964238
  value: 0.008331845080758642
