hps:
  ff_dim: 32
  lr: 0.0006515683303243278
  n_layers: 2
time: 212.1505272909999
value: 0.11870569845122525
