em:
  hps:
    nu: 0.031421379868084985
  time: 217.6861515000055
  value: 16389537224.68686
mv:
  hps:
    nu: 0.00549680619314553
  time: 230.2035691489873
  value: 2.3021197320998292e-10
