hps:
  epsilon: 0.017791857004561835
  l: 2
time: 180.99238458496984
value: 0.9254800467925774
