em:
  hps:
    nu: 0.11044753996986961
  time: 1202.0466678210068
  value: 0.007571230593197584
mv:
  hps:
    nu: 0.00010216302905126654
  time: 744.6411300490145
  value: 18.216735261236213
