hps:
  nu: 0.00011495795858518817
time: 17.802724741399288
value: 0.013017360287006063
