hps:
  epsilon: 0.010873945272064093
  l: 2
time: 344.72509741410613
value: 0.1033492391927675
