hps:
  d_ff: 512
  dropout: 0
  lr: 9.632371260694582e-05
time: 333.70215094834566
value: 0.008147391962605832
