hps:
  d_ff: 256
  dropout: 0.1
  lr: 0.0007424178251430002
time: 305.0025417394936
value: 0.26886017804830953
