em:
  hps:
    nu: 0.5752108603847053
  time: 1412.9162445440888
  value: 6.129972156750113e-05
mv:
  hps:
    nu: 0.9128199203122711
  time: 1231.9264339245856
  value: 790.2056848177804
