em:
  hps:
    bootstrap: false
    max_features: 0.5
    max_samples: 0.01
    n_estimators: 100
  time: 1373.9972273670137
  value: 82.5492785533734
mv:
  hps:
    bootstrap: false
    max_features: 0.5
    max_samples: 0.01
    n_estimators: 200
  time: 1244.9871843606234
  value: 6.436034675658216e-05
