hps:
  metric: l1
  n_neighbors: 5
time: 442.0073594339192
value: 0.33628791588961104
