hps:
  d_ff: 256
  dropout: 0
  lr: 0.00012590130001240664
time: 495.88580601499416
value: 0.1627534835857365
