em:
  hps:
    nu: 0.21627790787249065
  time: 1264.3992628770065
  value: 38349.463953654136
mv:
  hps:
    nu: 0.084334484762436
  time: 1240.316524703987
  value: 0.00011491647723608601
