hps:
  ff_dim: 32
  lr: 0.006810619989158665
  n_layers: 1
time: 305.8238398246467
value: 0.16744476519436657
