em:
  hps:
    nu: 0.4446720024654705
  time: 1480.5181300193071
  value: 17.196390556292624
mv:
  hps:
    nu: 0.00039522892406245385
  time: 921.1911249123514
  value: 0.002597711445354184
