hps:
  epsilon: 0.017071560488386615
  l: 2
time: 638.0795931853354
value: 0.054048698823069286
