em:
  hps:
    nu: 0.6069372382154393
  time: 1325.097544375807
  value: 2.188093633749817e-05
mv:
  hps:
    nu: 0.9164924802115224
  time: 1302.529142037034
  value: 269.95164693076913
