em:
  hps:
    nu: 0.05850372019990933
  time: 557.5358725227416
  value: 0.00018461626013913218
mv:
  hps:
    nu: 0.002329661107952885
  time: 386.93103095144033
  value: 1842.6622758031726
