em:
  hps:
    bootstrap: true
    max_features: 0.5
    max_samples: 0.05
    n_estimators: 400
  time: 1283.9170064404607
  value: 8247.162408445707
mv:
  hps:
    bootstrap: true
    max_features: 0.5
    max_samples: 0.01
    n_estimators: 400
  time: 1303.877465248108
  value: 1.536397481686435e-05
