em:
  hps:
    nu: 0.15565145631404667
  time: 732.9092268832028
  value: 2.2299015396261283e-05
mv:
  hps:
    nu: 0.23431846087066924
  time: 857.3920844383538
  value: 260.1930164324523
