hps:
  ff_dim: 32
  lr: 0.0030355936224834416
  n_layers: 2
time: 146.64322432503104
value: 0.3455049922161295
