hps:
  metric: l2
  n_neighbors: 15
time: 35.61178205907345
value: 0.2506472047348768
