hps:
  ff_dim: 32
  lr: 0.008955680309762367
  n_layers: 2
time: 346.38564198091626
value: 1.0
