em:
  hps:
    nu: 0.39958574456574314
  time: 1208.8289502039552
  value: 2.2087460263117685e-05
mv:
  hps:
    nu: 0.22469241655245067
  time: 1349.7570152319968
  value: 265.72266392538563
