hps:
  bootstrap: true
  max_features: 1.0
  max_samples: 0.05
  n_estimators: 400
time: 331.0483759716153
value: 0.005100341337318626
