em:
  hps:
    bootstrap: false
    max_features: 0.7
    max_samples: 0.02
    n_estimators: 100
  time: 1273.101204726845
  value: 3.577462474327546
mv:
  hps:
    bootstrap: false
    max_features: 1.0
    max_samples: 0.02
    n_estimators: 100
  time: 1218.3292552754283
  value: 0.013614051135074561
