em:
  hps:
    bootstrap: false
    max_features: 0.5
    max_samples: 0.02
    n_estimators: 200
  time: 1221.3243049047887
  value: 2.4159309169683538e-05
mv:
  hps:
    bootstrap: false
    max_features: 0.7
    max_samples: 0.02
    n_estimators: 100
  time: 1028.5159020163119
  value: 1964.0300624999998
