hps:
  ff_dim: 32
  lr: 0.06169456583322827
  n_layers: 1
time: 73.85717619699426
value: 0.1337092166412559
