em:
  hps:
    nu: 0.32369382432587157
  time: 1238.0606174470158
  value: 16282.835109392556
mv:
  hps:
    nu: 0.0004246704200664188
  time: 469.8612670839939
  value: 8.081077319858532e-07
