em:
  hps:
    bootstrap: true
    max_features: 0.7
    max_samples: 0.05
    n_estimators: 100
  time: 1203.7015312053263
  value: 1.3979397671024584e-05
mv:
  hps:
    bootstrap: false
    max_features: 0.5
    max_samples: 0.02
    n_estimators: 400
  time: 1362.0899078026414
  value: 2667.5936747259248
