em:
  hps:
    nu: 0.004222255924962781
  time: 1242.0883828140795
  value: 1.5987287271089508
mv:
  hps:
    nu: 0.00965563346634524
  time: 585.6155922859907
  value: 0.009130030246193736
