em:
  hps:
    nu: 0.006847656435803671
  time: 1768.2911306098104
  value: 99.04578779678056
mv:
  hps:
    nu: 0.009338462091458426
  time: 3624.641873601824
  value: 7.312052425730166e-05
