em:
  hps:
    ff_dim: 8
    lr: 3.492954758936564e-05
    n_layers: 2
  time: 359.97813008725643
  value: 217899.8108587131
mv:
  hps:
    ff_dim: 8
    lr: 1.7365618789754568e-05
    n_layers: 2
  time: 360.8953165374696
  value: 7.873661626945248e-06
