hps:
  ff_dim: 32
  lr: 0.00025900214847388584
  n_layers: 2
time: 320.540444817394
value: 0.2241135068224236
