em:
  hps:
    ff_dim: 32
    lr: 0.0002963783799267306
    n_layers: 2
  time: 489.34174288701615
  value: 115069796.63508417
mv:
  hps:
    ff_dim: 32
    lr: 0.03074339779119538
    n_layers: 1
  time: 475.9789829030051
  value: 3.5787522193686513e-08
