em:
  hps:
    ff_dim: 16
    lr: 0.006696209852714122
    n_layers: 2
  time: 392.232059456408
  value: 0.0006232897414884116
mv:
  hps:
    ff_dim: 32
    lr: 0.008527312471726115
    n_layers: 2
  time: 300.8842262625694
  value: 4439.29697839749
