hps:
  bootstrap: false
  max_features: 0.7
  max_samples: 0.05
  n_estimators: 200
time: 135.78994190692902
value: 0.5224455171142501
