hps:
  nu: 0.00010194676051047758
time: 46.7510975189507
value: 0.7229253673083971
