hps:
  metric: l2
  n_neighbors: 5
time: 37.3832289762795
value: 0.6847363379154795
