em:
  hps:
    bootstrap: true
    max_features: 1.0
    max_samples: 0.05
    n_estimators: 400
  time: 1036.4432777613401
  value: 2.593275011767129e-05
mv:
  hps:
    bootstrap: true
    max_features: 0.7
    max_samples: 0.02
    n_estimators: 400
  time: 1157.8306200504303
  value: 2054.3903789062497
