hps:
  ff_dim: 8
  lr: 0.01253455005799794
  n_layers: 1
time: 309.18870187178254
value: 0.9196787752752846
