hps:
  epsilon: 0.05539893929581899
  l: 3
time: 188.09806824848056
value: 0.017857142857142905
