em:
  hps:
    nu: 0.9375924509850309
  time: 1211.3485425109975
  value: 213.1776454730049
mv:
  hps:
    nu: 0.8603272676235822
  time: 1205.611644891993
  value: 4.9711774984334606e-05
