em:
  hps:
    nu: 0.0001829564735913472
  time: 1142.5473345704377
  value: 1.5961807372727635e-05
mv:
  hps:
    nu: 0.003234131051747099
  time: 620.0373382046819
  value: 3490.0489335937496
