hps:
  metric: l1
  n_neighbors: 13
time: 1205.4365088120103
value: 0.9506597238725707
