em:
  hps:
    ff_dim: 32
    lr: 4.609613723095088e-05
    n_layers: 2
  time: 319.6051055416465
  value: 2389.319760876022
mv:
  hps:
    ff_dim: 8
    lr: 0.0002727824970373343
    n_layers: 2
  time: 324.8430261351168
  value: 0.0004756794674322008
