em:
  hps:
    nu: 0.05702658682349311
  time: 951.3506009206176
  value: 2.4959649472362727e-05
mv:
  hps:
    nu: 0.0322971595504785
  time: 1178.8310412056744
  value: 1991.1347248401466
