em:
  hps:
    bootstrap: true
    max_features: 1.0
    max_samples: 0.02
    n_estimators: 200
  time: 1304.6252679899335
  value: 401373.7033433105
mv:
  hps:
    bootstrap: true
    max_features: 0.5
    max_samples: 0.05
    n_estimators: 400
  time: 1325.7288566939533
  value: 1.2377912480587836e-07
