em:
  hps:
    nu: 0.3719452972560635
  time: 1272.4057659399987
  value: 1.3857832588626806e-05
mv:
  hps:
    nu: 0.0012197710861340096
  time: 1241.4735966679873
  value: 3319.4406782538617
