hps:
  ff_dim: 8
  lr: 0.010195096505655131
  n_layers: 1
time: 318.9291944466531
value: 0.0033408707215558664
