hps:
  nu: 0.9949493106477719
time: 57.7867600210011
value: 0.02894645494412773
