em:
  hps:
    bootstrap: false
    max_features: 1.0
    max_samples: 0.05
    n_estimators: 100
  time: 885.6718550957739
  value: 3301.3120224941185
mv:
  hps:
    bootstrap: false
    max_features: 0.7
    max_samples: 0.05
    n_estimators: 100
  time: 915.0026132166386
  value: 0.0001563992361203743
