em:
  hps:
    nu: 0.012514112333626133
  time: 875.5449057221413
  value: 29312.625199169757
mv:
  hps:
    nu: 0.018013625562634233
  time: 920.8605110570788
  value: 1.6948910688370232e-06
