em:
  hps:
    ff_dim: 16
    lr: 3.3689202409483335e-05
    n_layers: 2
  time: 344.8193232860067
  value: 0.001335125380722479
mv:
  hps:
    ff_dim: 32
    lr: 0.02219970659659638
    n_layers: 1
  time: 300.37067829299485
  value: 2796.8165091801034
