hps:
  epsilon: 0.042497943140523554
  l: 1
time: 389.30804900452495
value: 0.024032664819808147
