em:
  hps:
    bootstrap: true
    max_features: 0.5
    max_samples: 0.05
    n_estimators: 400
  time: 976.2893815673888
  value: 2.000816734393162e-05
mv:
  hps:
    bootstrap: false
    max_features: 0.7
    max_samples: 0.05
    n_estimators: 400
  time: 1168.3612157292664
  value: 285.4220599708883
