hps:
  ff_dim: 32
  lr: 0.0008602063218842911
  n_layers: 2
time: 290.078031539917
value: 1.0
