hps:
  metric: l1
  n_neighbors: 5
time: 1256.9822819121182
value: 0.02447446341113413
