hps:
  bootstrap: true
  max_features: 0.5
  max_samples: 0.05
  n_estimators: 100
time: 78.87275894358754
value: 0.015314793868372534
