hps:
  ff_dim: 32
  lr: 1.3975830572365858e-05
  n_layers: 2
time: 348.8655894584954
value: 0.003253706478645091
