hps:
  ff_dim: 16
  lr: 8.607141802583744e-05
  n_layers: 1
time: 303.87663147971034
value: 0.9998942610310144
