hps:
  d_ff: 256
  dropout: 0.1
  lr: 0.00021682209655138698
time: 308.4222813807428
value: 0.013950523528365233
