em:
  hps:
    nu: 0.006613496246657221
  time: 232.13580687600188
  value: 12840548209.981134
mv:
  hps:
    nu: 0.006151778703192295
  time: 191.95279838400893
  value: 4.162869750010936e-10
