em:
  hps:
    nu: 0.0025975709208016394
  time: 831.1954370399762
  value: 71595.04581930491
mv:
  hps:
    nu: 0.0034383927512687974
  time: 1105.4982614020118
  value: 6.927507788532237e-07
