hps:
  nu: 0.00012250373150132126
time: 11.177420493215322
value: 0.2997423028685633
