em:
  hps:
    ff_dim: 32
    lr: 0.00039746926948758715
    n_layers: 1
  time: 349.9940082140092
  value: 219776673.34836298
mv:
  hps:
    ff_dim: 8
    lr: 0.0010468768015438304
    n_layers: 2
  time: 443.1988949649967
  value: 3.136318852625663e-08
