em:
  hps:
    bootstrap: true
    max_features: 1.0
    max_samples: 0.01
    n_estimators: 100
  time: 1353.1308956183493
  value: 1.461649214433052e-05
mv:
  hps:
    bootstrap: true
    max_features: 1.0
    max_samples: 0.05
    n_estimators: 100
  time: 1450.3692372143269
  value: 3092.5838630333874
