hps:
  d_ff: 256
  dropout: 0.1
  lr: 1.588092605052297e-05
time: 586.6384562775493
value: 0.0187371065297387
