hps:
  metric: l1
  n_neighbors: 5
time: 34.59678379446268
value: 0.025169147623632537
