hps:
  metric: l2
  n_neighbors: 5
time: 1295.0379305779934
value: 0.9999999999999998
