hps:
  ff_dim: 32
  lr: 0.02553601416242573
  n_layers: 2
time: 302.843653857708
value: 0.00010895619960771263
