em:
  hps:
    nu: 0.00021753617294337801
  time: 300.18938536942005
  value: 1.6452591759160907e-05
mv:
  hps:
    nu: 0.5216517253591484
  time: 1163.1111621633172
  value: 305.38498090101643
