hps:
  nu: 0.00026865882971861566
time: 1.9135961120482534
value: 0.76147681285814
