hps:
  metric: l2
  n_neighbors: 5
time: 37.610256765037775
value: 0.0020408163265306367
