hps:
  epsilon: 0.0973845628530155
  l: 5
time: 91.65536805102602
value: 0.07721714942348046
