em:
  hps:
    nu: 0.0006760666005969114
  time: 682.4088521786034
  value: 0.02904301885599271
mv:
  hps:
    nu: 0.002552991515275284
  time: 1209.160234041512
  value: 1.7100367012023923
