hps:
  epsilon: 0.012657026986946263
  l: 5
time: 747.5443690791726
value: 0.011646175939882708
