em:
  hps:
    ff_dim: 8
    lr: 1.3573751238165922e-05
    n_layers: 1
  time: 334.6193024830136
  value: 2937266075272.944
mv:
  hps:
    ff_dim: 32
    lr: 0.001752678957601661
    n_layers: 2
  time: 319.5801890549774
  value: 2.3729717409798337e-12
