hps:
  ff_dim: 8
  lr: 0.008259887339540042
  n_layers: 2
time: 219.4806062541902
value: 0.9999585100989887
