hps:
  d_ff: 512
  dropout: 0.1
  lr: 0.0038526247086045585
time: 305.20738991722465
value: 0.08894571199051904
