hps:
  nu: 0.0001092867033767579
time: 17.534526329487562
value: 0.0056785269143491135
