hps:
  bootstrap: true
  max_features: 1.0
  max_samples: 0.05
  n_estimators: 400
time: 126.40478805080056
value: 0.017167337820284567
