hps:
  nu: 0.043284766092061104
time: 25.1200143545866
value: 0.1897382927331971
