em:
  hps:
    nu: 0.4687837673102308
  time: 1226.6327785514295
  value: 1.9953823928703608e-05
mv:
  hps:
    nu: 0.3792722669168286
  time: 1248.8911228217185
  value: 283.7015274167837
