em:
  hps:
    bootstrap: false
    max_features: 0.7
    max_samples: 0.01
    n_estimators: 400
  time: 1636.1943114849855
  value: 0.0001187090513870198
mv:
  hps:
    bootstrap: true
    max_features: 0.5
    max_samples: 0.01
    n_estimators: 400
  time: 1747.94812279701
  value: 3498.3213334261904
