em:
  hps:
    nu: 0.9780781212707531
  time: 2575.9748501579743
  value: 103.70321905260408
mv:
  hps:
    nu: 0.2971896627990557
  time: 1826.9046417849895
  value: 0.0
