em:
  hps:
    nu: 0.33721775573527063
  time: 710.8220564164221
  value: 1.2873234715096988e-05
mv:
  hps:
    nu: 0.9493283327965215
  time: 563.1511488184333
  value: 453.4151296133681
