hps:
  d_ff: 512
  dropout: 0
  lr: 4.779020035846598e-05
time: 311.9180439338088
value: 0.35238775045232196
