em:
  hps:
    ff_dim: 16
    lr: 0.012324013356061954
    n_layers: 2
  time: 357.06759060546756
  value: 1.0215037483690161e-05
mv:
  hps:
    ff_dim: 16
    lr: 0.005927515567755753
    n_layers: 2
  time: 345.7054233402014
  value: 8076.3362710882075
