hps:
  d_ff: 128
  dropout: 0.1
  lr: 0.0002652244615836243
time: 306.93251625075936
value: 0.01429732066447309
