em:
  hps:
    bootstrap: true
    max_features: 1.0
    max_samples: 0.05
    n_estimators: 400
  time: 1089.4474874329753
  value: 193943638003.0163
mv:
  hps:
    bootstrap: false
    max_features: 0.5
    max_samples: 0.05
    n_estimators: 100
  time: 575.7428165420133
  value: 9.173783781240607e-12
