hps:
  ff_dim: 32
  lr: 0.05783038903050645
  n_layers: 1
time: 269.34085874632
value: 0.046964397023795845
