em:
  hps:
    bootstrap: true
    max_features: 1.0
    max_samples: 0.05
    n_estimators: 400
  time: 1264.2416457309737
  value: 17.235379998198546
mv:
  hps:
    bootstrap: true
    max_features: 1.0
    max_samples: 0.01
    n_estimators: 200
  time: 1276.8138924350205
  value: 0.05050494816096748
