hps:
  epsilon: 0.038733795696843064
  l: 1
time: 48.383461330027785
value: 0.9839406569405809
