hps:
  epsilon: 0.07581682923433371
  l: 4
time: 714.4619897417724
value: 0.17094082381220455
