hps:
  nu: 0.3091389407639559
time: 508.45231138542295
value: 0.40880511661365393
