hps:
  ff_dim: 8
  lr: 2.2589088503057388e-05
  n_layers: 1
time: 312.0152861960232
value: 0.010592409845099238
