em:
  hps:
    ff_dim: 8
    lr: 0.0209695829275364
    n_layers: 2
  time: 323.88293025642633
  value: 0.1646044535153536
mv:
  hps:
    ff_dim: 8
    lr: 0.00011783906366575083
    n_layers: 2
  time: 307.17206663638353
  value: 0.2873349474143777
