hps:
  nu: 0.04162662471236519
time: 58.619086388498545
value: 0.8164129727013656
