em:
  hps:
    nu: 0.016616735657398705
  time: 905.4903596825898
  value: 2.2748492700449687e-05
mv:
  hps:
    nu: 0.4885684490140194
  time: 1333.5234464257956
  value: 252.3605004516353
