em:
  hps:
    nu: 0.0992556296258322
  time: 1232.3922777734697
  value: 24545.80339849346
mv:
  hps:
    nu: 0.0001394543999803398
  time: 912.2858623787761
  value: 1.536397481686435e-05
