em:
  hps:
    nu: 0.0165727865256705
  time: 1372.842641159892
  value: 2.5980043526515058
mv:
  hps:
    nu: 0.0006252142323143108
  time: 746.3726286590099
  value: 0.003826718052848692
