hps:
  epsilon: 0.07939815930301444
  l: 5
time: 192.8983597329934
value: 0.0984050192057988
