hps:
  epsilon: 0.0706394906220474
  l: 4
time: 25.42852412100183
value: 0.9172768525829678
