em:
  hps:
    nu: 0.00015573088928933927
  time: 459.7068146504462
  value: 46.044705076982254
mv:
  hps:
    nu: 0.00048482525295457746
  time: 206.58042583614588
  value: 0.045069304258296236
