hps:
  epsilon: 0.05827104824628065
  l: 1
time: 737.5424081645906
value: 0.011570087814685048
