em:
  hps:
    nu: 0.20589305775387987
  time: 1597.2823163866997
  value: 5.3046304613147
mv:
  hps:
    nu: 0.005504279522226527
  time: 3501.396673794836
  value: 0.0037654115734723206
