hps:
  ff_dim: 16
  lr: 0.0015560043703961965
  n_layers: 1
time: 232.52225457131863
value: 0.016846812756546647
