hps:
  bootstrap: true
  max_features: 0.5
  max_samples: 0.05
  n_estimators: 100
time: 64.55673229321837
value: 0.007483552638423152
