hps:
  ff_dim: 8
  lr: 0.006624666296943049
  n_layers: 1
time: 311.1483157569892
value: 0.27209793455433284
