em:
  hps:
    nu: 0.00011762259441305138
  time: 275.6353482976556
  value: 847.930892241811
mv:
  hps:
    nu: 0.00010561883862896139
  time: 283.89870125055313
  value: 0.00038877046084956254
