em:
  hps:
    nu: 0.002081443938876574
  time: 1218.100912357011
  value: 263.52416738467235
mv:
  hps:
    nu: 0.017915172092706988
  time: 1215.023298924003
  value: 0.00018849461164791132
