hps:
  epsilon: 0.018526065890015923
  l: 1
time: 26.64441068499582
value: 0.9979395604395603
