hps:
  epsilon: 0.08051870474878801
  l: 3
time: 46.92541558697121
value: 0.6957285877331605
