em:
  hps:
    ff_dim: 32
    lr: 0.004585690619479432
    n_layers: 2
  time: 310.8699432425201
  value: 1.4529680848353847e-05
mv:
  hps:
    ff_dim: 32
    lr: 8.215097903045006e-05
    n_layers: 1
  time: 303.3751343972981
  value: 3329.43097073457
