hps:
  bootstrap: true
  max_features: 1.0
  max_samples: 0.01
  n_estimators: 200
time: 108.22872757539153
value: 0.037269790508163037
