em:
  hps:
    bootstrap: true
    max_features: 1.0
    max_samples: 0.05
    n_estimators: 200
  time: 1233.2687203101814
  value: 33158.1194763276
mv:
  hps:
    bootstrap: false
    max_features: 0.7
    max_samples: 0.05
    n_estimators: 100
  time: 1001.537397518754
  value: 3.475682223007965e-05
