em:
  hps:
    bootstrap: false
    max_features: 0.7
    max_samples: 0.05
    n_estimators: 200
  time: 1281.407930824993
  value: 263.52416738467235
mv:
  hps:
    bootstrap: true
    max_features: 0.5
    max_samples: 0.01
    n_estimators: 200
  time: 1672.612908747018
  value: 0.00018849461164791132
