hps:
  epsilon: 0.07562842819034316
  l: 5
time: 755.049785617739
value: 0.0015463439947579483
