hps:
  nu: 0.052157312360964804
time: 98.60759027302265
value: 0.20072043829646136
