em:
  hps:
    nu: 0.7985416620428472
  time: 689.6130407409801
  value: 144163782.02865762
mv:
  hps:
    nu: 0.7415799677632859
  time: 581.1887100689928
  value: 1.1185710868985714e-08
