hps:
  nu: 0.06341840437369348
time: 158.37926573306322
value: 0.48870018501721024
