em:
  hps:
    nu: 0.0025012913506443656
  time: 71.23490473700804
  value: 389839702.1372853
mv:
  hps:
    nu: 0.3486330955841914
  time: 237.2333868870046
  value: 1.4203945663651334e-10
