hps:
  ff_dim: 8
  lr: 0.00127034935122513
  n_layers: 1
time: 301.08033146336675
value: 0.9935660178176168
