hps:
  nu: 0.0001045288202308872
time: 20.50951988302404
value: 0.9397590222550958
