em:
  hps:
    nu: 0.47368901594717
  time: 1309.428317126003
  value: 4207529.244725476
mv:
  hps:
    nu: 0.5204386981900168
  time: 1428.1898262299947
  value: 1.179530009665086e-08
