hps:
  ff_dim: 32
  lr: 0.08389818105980901
  n_layers: 2
time: 322.7725966498256
value: 0.03168633801739762
