em:
  hps:
    ff_dim: 32
    lr: 1.6425689895134547e-05
    n_layers: 2
  time: 323.2802555449307
  value: 12991573.694864996
mv:
  hps:
    ff_dim: 32
    lr: 5.2739953821513496e-05
    n_layers: 2
  time: 301.92307256162167
  value: 3.234472949316114e-07
