hps:
  nu: 0.00010612246228669497
time: 10.106557458639145
value: 0.0005364806866953176
