em:
  hps:
    nu: 0.8281988747635448
  time: 1247.702467207011
  value: 2.4983234157295806
mv:
  hps:
    nu: 0.3205362764969445
  time: 1467.6656199670106
  value: 0.022524775297926257
