em:
  hps:
    bootstrap: true
    max_features: 0.5
    max_samples: 0.05
    n_estimators: 400
  time: 1207.6754190586507
  value: 3.4714313925980544
mv:
  hps:
    bootstrap: false
    max_features: 0.7
    max_samples: 0.05
    n_estimators: 200
  time: 1563.6248192191124
  value: 0.0017170557568015857
