em:
  hps:
    ff_dim: 8
    lr: 0.004949167754314747
    n_layers: 2
  time: 339.9208535560174
  value: 3.394288140279796e-05
mv:
  hps:
    ff_dim: 32
    lr: 0.001885280612030747
    n_layers: 1
  time: 246.08933743298985
  value: 1640.3880727905255
