hps:
  ff_dim: 32
  lr: 4.968078922891364e-05
  n_layers: 1
time: 307.0926558971405
value: 0.07451726960295435
