hps:
  nu: 0.000130824872480809
time: 29.203355606645346
value: 0.8730751679192337
