hps:
  bootstrap: true
  max_features: 1.0
  max_samples: 0.05
  n_estimators: 100
time: 61.17445995658636
value: 0.006305674253570204
