em:
  hps:
    bootstrap: true
    max_features: 1.0
    max_samples: 0.02
    n_estimators: 100
  time: 1379.9756547249854
  value: 124.87586539128789
mv:
  hps:
    bootstrap: false
    max_features: 1.0
    max_samples: 0.05
    n_estimators: 100
  time: 1237.7780284280016
  value: 6.658248997614842e-05
