hps:
  nu: 0.12943437283469722
time: 513.7566908076406
value: 0.004164353210945104
