em:
  hps:
    bootstrap: true
    max_features: 1.0
    max_samples: 0.01
    n_estimators: 100
  time: 1230.0219264477491
  value: 1251031.492623527
mv:
  hps:
    bootstrap: true
    max_features: 0.7
    max_samples: 0.05
    n_estimators: 200
  time: 787.2289603315294
  value: 1.1021361614386548e-06
