hps:
  nu: 0.08329330059313585
time: 422.58457992598414
value: 0.004906279904139277
