em:
  hps:
    nu: 0.00042784907454713106
  time: 320.3840867629915
  value: 0.0022844569272914474
mv:
  hps:
    nu: 0.0003631130027283803
  time: 211.15723757102387
  value: 2106.324399665117
