em:
  hps:
    nu: 0.12688448839427688
  time: 1126.862467162311
  value: 2.237466171587221e-05
mv:
  hps:
    nu: 0.6951094692831469
  time: 1241.3089996427298
  value: 268.58919998960016
