hps:
  metric: l1
  n_neighbors: 5
time: 1216.280256366008
value: 0.8992608280937301
