hps:
  ff_dim: 32
  lr: 0.09736495407092854
  n_layers: 1
time: 302.9351162984967
value: 0.010974991975358672
