em:
  hps:
    nu: 0.7776135720546359
  time: 1076.0442871041596
  value: 0.7465317707222991
mv:
  hps:
    nu: 0.0005554531707603166
  time: 185.36175369098783
  value: 0.044520988290220484
