hps:
  d_ff: 256
  dropout: 0
  lr: 1.6118187376966133e-05
time: 302.96844164282084
value: 0.004378276265720293
