em:
  hps:
    ff_dim: 8
    lr: 0.0011841677515166977
    n_layers: 2
  time: 338.30784644704545
  value: 0.0008362246167328765
mv:
  hps:
    ff_dim: 8
    lr: 2.0865556137525928e-05
    n_layers: 2
  time: 319.47533269698033
  value: 6003.847051893956
