hps:
  ff_dim: 16
  lr: 7.625792916247313e-05
  n_layers: 2
time: 305.18036045879126
value: 0.9845531050850653
