em:
  hps:
    bootstrap: false
    max_features: 1.0
    max_samples: 0.01
    n_estimators: 400
  time: 1201.772155379993
  value: 196809427.28653544
mv:
  hps:
    bootstrap: true
    max_features: 0.5
    max_samples: 0.02
    n_estimators: 400
  time: 5290.949196988979
  value: 3.5787522193686513e-08
