hps:
  epsilon: 0.08374104851680161
  l: 2
time: 183.22008300200105
value: 0.03342132203237402
