hps:
  ff_dim: 16
  lr: 0.0004566545271198738
  n_layers: 2
time: 190.8300976268947
value: 0.9879510737165113
