em:
  hps:
    nu: 0.336130741140045
  time: 1200.6192334033549
  value: 2.2626894920816153e-05
mv:
  hps:
    nu: 0.1286126381106637
  time: 1064.3599595166743
  value: 257.4788059851275
