em:
  hps:
    nu: 0.001931333532984933
  time: 718.1780725866556
  value: 0.1403696830010403
mv:
  hps:
    nu: 0.6350190266719303
  time: 1444.5243131406605
  value: 0.35390240275850937
