hps:
  ff_dim: 16
  lr: 9.984320614516844e-05
  n_layers: 1
time: 350.6548976711929
value: 0.004950199463866101
