hps:
  ff_dim: 16
  lr: 2.136074259794811e-05
  n_layers: 1
time: 301.0286357589066
value: 0.010615484900986738
