em:
  hps:
    nu: 0.0009475172816038351
  time: 186.9244849550014
  value: 0.014006802043680006
mv:
  hps:
    nu: 0.23029158607488565
  time: 199.44926027199836
  value: 0.0
