em:
  hps:
    nu: 0.00113806138918637
  time: 1717.8015332482755
  value: 2.7922292504268165
mv:
  hps:
    nu: 0.0005007481431059521
  time: 1916.4247748441994
  value: 0.0037811846455251133
