em:
  hps:
    nu: 0.3848480519485287
  time: 667.7037728019059
  value: 153562.7632494005
mv:
  hps:
    nu: 0.0004384848148965463
  time: 548.8644009232521
  value: 3.234472949316114e-07
