hps:
  ff_dim: 8
  lr: 0.00024304652212910147
  n_layers: 1
time: 301.2622201181948
value: 0.006058879951228668
