hps:
  ff_dim: 8
  lr: 5.738737053722982e-05
  n_layers: 2
time: 418.9365091510117
value: 0.05330171054268351
