hps:
  nu: 0.9944806988278937
time: 96.38712230324745
value: 0.028172063021049243
