em:
  hps:
    ff_dim: 32
    lr: 0.0065150191206609104
    n_layers: 2
  time: 301.55958604300395
  value: 20470203.118004836
mv:
  hps:
    ff_dim: 8
    lr: 0.00021844672697700048
    n_layers: 1
  time: 199.16496331602684
  value: 0.0
