hps:
  nu: 0.055672803016157284
time: 148.28882336989045
value: 0.18977534202790425
