hps:
  ff_dim: 16
  lr: 0.0010997215081768523
  n_layers: 1
time: 310.75931054353714
value: 0.0022762679662888807
