em:
  hps:
    bootstrap: true
    max_features: 0.7
    max_samples: 0.01
    n_estimators: 400
  time: 1623.711945462972
  value: 0.004173949282895266
mv:
  hps:
    bootstrap: true
    max_features: 0.5
    max_samples: 0.05
    n_estimators: 400
  time: 1451.6162719652057
  value: 11.716913838124599
