em:
  hps:
    nu: 0.00027386843898503086
  time: 1313.2430780418217
  value: 3.728089296753793
mv:
  hps:
    nu: 0.0068410041781693425
  time: 1465.2231341898441
  value: 0.0025733487877100353
