hps:
  epsilon: 0.011126382605824488
  l: 4
time: 179.96835492923856
value: 0.817761020193713
