em:
  hps:
    nu: 0.0010368039602090613
  time: 410.56610821560025
  value: 7445.157294864204
mv:
  hps:
    nu: 0.00023088659486284588
  time: 256.3967873714864
  value: 0.00016926184332623662
