hps:
  d_ff: 128
  dropout: 0
  lr: 9.100688884550778e-05
time: 110.43071597494418
value: 0.19937651101648823
