em:
  hps:
    bootstrap: true
    max_features: 0.5
    max_samples: 0.01
    n_estimators: 200
  time: 1259.5232051069906
  value: 0.00021566171505883224
mv:
  hps:
    bootstrap: false
    max_features: 0.5
    max_samples: 0.02
    n_estimators: 400
  time: 1750.386644379003
  value: 2401.71657923588
