hps:
  nu: 0.07806856182040624
time: 118.39269449503627
value: 0.10502912533382003
