hps:
  epsilon: 0.014367451045210363
  l: 5
time: 180.92014417424798
value: 1.0
