hps:
  ff_dim: 8
  lr: 0.00026876223042611056
  n_layers: 2
time: 306.9300662763417
value: 0.003441759069291783
