em:
  hps:
    nu: 0.8506743085859928
  time: 1991.6109388619661
  value: 1.1400422008468718
mv:
  hps:
    nu: 0.012609985095751435
  time: 1612.50982022658
  value: 0.01222036576234459
