hps:
  d_ff: 512
  dropout: 0
  lr: 3.675804359377664e-05
time: 302.6945917978883
value: 0.5547900244118207
