hps:
  ff_dim: 8
  lr: 0.025505544886486892
  n_layers: 1
time: 300.1337533853948
value: 0.07078152850555197
