em:
  hps:
    bootstrap: true
    max_features: 0.7
    max_samples: 0.02
    n_estimators: 400
  time: 1449.1661370169895
  value: 2546.9730740551786
mv:
  hps:
    bootstrap: false
    max_features: 0.7
    max_samples: 0.01
    n_estimators: 100
  time: 1202.6796233050118
  value: 1.9488145684590555e-05
