em:
  hps:
    nu: 0.003530317170072371
  time: 1791.273592479527
  value: 35.95942074355161
mv:
  hps:
    nu: 0.00033707602480344127
  time: 2263.6670099049807
  value: 0.00026562550193441506
