em:
  hps:
    nu: 0.2974705182443801
  time: 1469.7768434137106
  value: 2.2890463686410536e-05
mv:
  hps:
    nu: 0.7915859304729301
  time: 1839.3323713354766
  value: 270.65434445357636
