hps:
  d_ff: 256
  dropout: 0.1
  lr: 0.0015103772179718528
time: 337.45846193656325
value: 0.015682731315536103
