hps:
  d_ff: 128
  dropout: 0.1
  lr: 1.8653892715957142e-05
time: 360.0786668471992
value: 0.004994170196440217
