em:
  hps:
    nu: 0.02753335397337669
  time: 223.74185910599772
  value: 0.003571857525308561
mv:
  hps:
    nu: 0.033159393788722416
  time: 263.1628144599963
  value: 0.0
