hps:
  ff_dim: 16
  lr: 0.0029050803293891457
  n_layers: 2
time: 309.6333286203444
value: 0.009275281455626061
