em:
  hps:
    nu: 0.004498441405996937
  time: 1441.3229764009884
  value: 422.6184824941019
mv:
  hps:
    nu: 0.002204846741465565
  time: 2020.226895795
  value: 0.00011753603455144908
