hps:
  ff_dim: 32
  lr: 0.0020869946516947377
  n_layers: 1
time: 333.25572738051414
value: 0.7089654615667835
