em:
  hps:
    ff_dim: 8
    lr: 0.0002150156952209454
    n_layers: 1
  time: 334.4542293138802
  value: 10.419175682495641
mv:
  hps:
    ff_dim: 8
    lr: 1.8934939903259174e-05
    n_layers: 1
  time: 301.4152705743909
  value: 0.08469024378061293
