hps:
  bootstrap: true
  max_features: 1.0
  max_samples: 0.05
  n_estimators: 200
time: 187.87585723400116
value: 0.003340785182903261
