em:
  hps:
    nu: 0.0005716703118293544
  time: 886.2092564050108
  value: 845035.8945502042
mv:
  hps:
    nu: 0.00033424715086920794
  time: 964.98407424998
  value: 5.8614476472484955e-08
