em:
  hps:
    nu: 0.005009307901596851
  time: 1226.7120227180421
  value: 16185.346554375608
mv:
  hps:
    nu: 0.16034437822074243
  time: 1321.4063304699957
  value: 3.0694876149937037e-06
