hps:
  epsilon: 0.07453303820382692
  l: 3
time: 707.5280813239515
value: 0.16996182180684138
