em:
  hps:
    bootstrap: false
    max_features: 0.5
    max_samples: 0.01
    n_estimators: 400
  time: 1457.0361462119909
  value: 506.0686578336272
mv:
  hps:
    bootstrap: false
    max_features: 0.5
    max_samples: 0.01
    n_estimators: 100
  time: 1269.985664523003
  value: 0.0
