hps:
  nu: 0.00010227903605512246
time: 10.68531821295619
value: 0.020362226347768075
