em:
  hps:
    bootstrap: true
    max_features: 1.0
    max_samples: 0.02
    n_estimators: 400
  time: 1288.5279622599483
  value: 14865.018603510358
mv:
  hps:
    bootstrap: true
    max_features: 0.5
    max_samples: 0.05
    n_estimators: 200
  time: 1284.2778340503573
  value: 1.393914932731933e-05
