hps:
  ff_dim: 32
  lr: 0.09373955664905233
  n_layers: 2
time: 301.2942212857306
value: 0.0019828616027949275
