em:
  hps:
    ff_dim: 8
    lr: 3.259592522857374e-05
    n_layers: 1
  time: 318.87627555429935
  value: 14.258284022366123
mv:
  hps:
    ff_dim: 32
    lr: 9.019125619449134e-05
    n_layers: 1
  time: 342.11672845855355
  value: 0.011796336504083432
