em:
  hps:
    nu: 0.006285887289446101
  time: 1422.6138132922351
  value: 1.70201718974622e-05
mv:
  hps:
    nu: 0.9662903457307312
  time: 1829.871572561562
  value: 3123.564275390624
