hps:
  epsilon: 0.010208047888006874
  l: 3
time: 190.15562700107694
value: 0.9904545454545455
