hps:
  ff_dim: 8
  lr: 1.4864269825089865e-05
  n_layers: 2
time: 302.17793341353536
value: 0.015229284154960943
