em:
  hps:
    nu: 0.00010538904818359996
  time: 1211.5520911887288
  value: 2.4425757106031747
mv:
  hps:
    nu: 0.005671660841438771
  time: 1050.7457602098584
  value: 0.0046916153674989225
