hps:
  nu: 0.1780844121661747
time: 421.5005443356931
value: 0.01407093837259532
