em:
  hps:
    nu: 0.005151201988372494
  time: 451.6257265098393
  value: 0.0003646420918387665
mv:
  hps:
    nu: 0.03467813597089541
  time: 574.5855624526739
  value: 1608.9635319461431
