em:
  hps:
    ff_dim: 16
    lr: 0.04961911361757016
    n_layers: 2
  time: 320.86824667081237
  value: 2.3496405861336282e-05
mv:
  hps:
    ff_dim: 32
    lr: 0.05323123583544585
    n_layers: 2
  time: 302.3169018961489
  value: 1979.6387127130997
