hps:
  epsilon: 0.027130704436071334
  l: 5
time: 99.0254415795207
value: 0.7289865323714433
