hps:
  bootstrap: false
  max_features: 0.7
  max_samples: 0.05
  n_estimators: 200
time: 304.2524564869818
value: 0.1019614171593628
