em:
  hps:
    ff_dim: 16
    lr: 1.841363061240068e-05
    n_layers: 2
  time: 433.38928139582276
  value: 3.5105797917246e-05
mv:
  hps:
    ff_dim: 16
    lr: 2.2303480748680038e-05
    n_layers: 1
  time: 306.5455713830888
  value: 1642.6804502203343
