hps:
  nu: 0.9909151186859502
time: 103.03560731559992
value: 0.908521673946987
