hps:
  d_ff: 256
  dropout: 0
  lr: 0.0004740385178318963
time: 377.4947605729103
value: 0.006244089277888887
