hps:
  nu: 0.5109670734257054
time: 688.6954561918974
value: 0.008228538724576073
