em:
  hps:
    nu: 0.9269855698404535
  time: 517.1185999624431
  value: 297555.94410023175
mv:
  hps:
    nu: 0.0002803902514361485
  time: 79.22390288114548
  value: 5.964227138705183e-06
