em:
  hps:
    bootstrap: false
    max_features: 0.7
    max_samples: 0.05
    n_estimators: 400
  time: 1491.0034818574786
  value: 86.84891024470055
mv:
  hps:
    bootstrap: false
    max_features: 0.7
    max_samples: 0.01
    n_estimators: 200
  time: 1217.2279737442732
  value: 0.0041929107005201915
