em:
  hps:
    nu: 0.00017970907899467979
  time: 282.5754210688174
  value: 136.79834429118154
mv:
  hps:
    nu: 0.0017428285841440197
  time: 127.14741857722402
  value: 6.368783785542622e-05
