hps:
  ff_dim: 16
  lr: 0.00012218702237168187
  n_layers: 2
time: 309.0877291969955
value: 0.006591880568848629
