hps:
  d_ff: 256
  dropout: 0
  lr: 0.0009721205578073578
time: 314.0028031170368
value: 0.3168980755693114
