em:
  hps:
    ff_dim: 16
    lr: 0.0008473432233081784
    n_layers: 1
  time: 353.85291981324553
  value: 0.0008914703320615479
mv:
  hps:
    ff_dim: 32
    lr: 0.0005809908320031794
    n_layers: 2
  time: 312.22542164474726
  value: 3868.772748238615
