hps:
  metric: l1
  n_neighbors: 13
time: 1268.6294537230278
value: 0.62652693890952
