em:
  hps:
    ff_dim: 8
    lr: 4.189317983151574e-05
    n_layers: 1
  time: 337.92617524042726
  value: 123768.4245065168
mv:
  hps:
    ff_dim: 8
    lr: 0.007150104768853082
    n_layers: 1
  time: 312.6080804876983
  value: 3.0694876149937037e-06
