em:
  hps:
    nu: 0.014678125992394965
  time: 1231.2174074836075
  value: 0.001247670149328118
mv:
  hps:
    nu: 0.5178716592988479
  time: 1679.7680112831295
  value: 39.7405213212975
