em:
  hps:
    bootstrap: true
    max_features: 0.7
    max_samples: 0.02
    n_estimators: 200
  time: 1245.0900929309428
  value: 1.8699199434451458e-05
mv:
  hps:
    bootstrap: true
    max_features: 0.7
    max_samples: 0.05
    n_estimators: 400
  time: 1210.2281711436808
  value: 3170.163872389178
