em:
  hps:
    nu: 0.005642864116169731
  time: 1231.4128798954189
  value: 2.75169531491291
mv:
  hps:
    nu: 0.008560258188156646
  time: 475.22291626781225
  value: 0.006533522192581869
