em:
  hps:
    nu: 0.7718575445647602
  time: 1231.8511411361396
  value: 0.0007047351938928748
mv:
  hps:
    nu: 0.000497260089266938
  time: 655.9479069598019
  value: 3034.9423696104077
