em:
  hps:
    nu: 0.0018452536474383558
  time: 493.0909325927496
  value: 2.7617316753350918e-05
mv:
  hps:
    nu: 0.029262951176895712
  time: 846.3687843196094
  value: 1784.8747197362022
