hps:
  bootstrap: false
  max_features: 0.7
  max_samples: 0.05
  n_estimators: 100
time: 88.01071615889668
value: 0.01022342237431717
