em:
  hps:
    bootstrap: false
    max_features: 1.0
    max_samples: 0.05
    n_estimators: 400
  time: 1521.7989081703126
  value: 25.28610629172007
mv:
  hps:
    bootstrap: false
    max_features: 0.5
    max_samples: 0.02
    n_estimators: 100
  time: 1236.8283352702856
  value: 0.030361908197355614
