hps:
  ff_dim: 16
  lr: 0.012414751252342428
  n_layers: 2
time: 174.6635623530019
value: 0.36428024609882226
