em:
  hps:
    bootstrap: true
    max_features: 0.7
    max_samples: 0.01
    n_estimators: 200
  time: 1235.4388252533972
  value: 1.7369889399180754e-05
mv:
  hps:
    bootstrap: true
    max_features: 1.0
    max_samples: 0.01
    n_estimators: 400
  time: 1244.1006793305278
  value: 2896.351749212972
