hps:
  metric: l1
  n_neighbors: 5
time: 1231.9781117513776
value: 0.024517924286245885
