em:
  hps:
    ff_dim: 32
    lr: 0.0004954764602212074
    n_layers: 2
  time: 310.8499659113586
  value: 1.2925319132076379e-05
mv:
  hps:
    ff_dim: 16
    lr: 0.000443946368480409
    n_layers: 1
  time: 307.48497534543276
  value: 3308.5455820312495
