em:
  hps:
    nu: 0.007405251779540981
  time: 466.18181634001667
  value: 0.0013338973555264495
mv:
  hps:
    nu: 0.021425529059997665
  time: 390.83374199300306
  value: 5934.681843749998
