em:
  hps:
    bootstrap: false
    max_features: 0.5
    max_samples: 0.05
    n_estimators: 200
  time: 790.5106097719981
  value: 812.2706978191407
mv:
  hps:
    bootstrap: true
    max_features: 1.0
    max_samples: 0.05
    n_estimators: 200
  time: 1203.0285260549863
  value: 0.0008856634729407437
