hps:
  bootstrap: false
  max_features: 1.0
  max_samples: 0.05
  n_estimators: 400
time: 82.88813296705484
value: 0.007716600868872603
