hps:
  bootstrap: true
  max_features: 1.0
  max_samples: 0.05
  n_estimators: 200
time: 134.63555845618248
value: 0.002134961361306309
