hps:
  epsilon: 0.08404526848288127
  l: 1
time: 22.143037010042462
value: 0.8650048367843803
