hps:
  nu: 0.026751068163744948
time: 9.215975355356932
value: 0.5214626682475715
