em:
  hps:
    bootstrap: false
    max_features: 0.7
    max_samples: 0.01
    n_estimators: 200
  time: 1203.2319259941578
  value: 1.4877314078053724e-05
mv:
  hps:
    bootstrap: true
    max_features: 0.5
    max_samples: 0.05
    n_estimators: 200
  time: 1200.7922043576837
  value: 3507.337565610397
