hps:
  epsilon: 0.07912783980604697
  l: 2
time: 379.666828032583
value: 0.02659073825611269
