em:
  hps:
    nu: 0.10175777291431459
  time: 656.547419089824
  value: 2.3886914921646777e-05
mv:
  hps:
    nu: 0.4533917129257128
  time: 1001.4706887640059
  value: 235.4100480681015
