hps:
  epsilon: 0.056575922768682944
  l: 1
time: 185.09209149330854
value: 0.9992307692307693
