em:
  hps:
    nu: 0.05114883149315203
  time: 1286.84229001301
  value: 20265.097000749236
mv:
  hps:
    nu: 0.09713899254373912
  time: 1220.7135212389985
  value: 0.0
