hps:
  ff_dim: 8
  lr: 0.020756315694923803
  n_layers: 1
time: 300.3356797322631
value: 0.011863119074033257
