hps:
  ff_dim: 16
  lr: 0.00015346395661243917
  n_layers: 1
time: 303.8052021712065
value: 0.9846988785931381
