em:
  hps:
    nu: 0.0019935139026440608
  time: 787.237646419555
  value: 6.7441171832618165
mv:
  hps:
    nu: 0.0011501410955745248
  time: 685.735368501395
  value: 0.007364857256412505
