hps:
  epsilon: 0.05216878247392654
  l: 3
time: 179.82278796995524
value: 0.2862776682000201
