hps:
  d_ff: 128
  dropout: 0
  lr: 1.7052055453229823e-05
time: 497.190789418004
value: 0.15320891383715285
