em:
  hps:
    bootstrap: true
    max_features: 1.0
    max_samples: 0.05
    n_estimators: 400
  time: 951.6632034849899
  value: 263.2932869692952
mv:
  hps:
    bootstrap: true
    max_features: 0.5
    max_samples: 0.05
    n_estimators: 400
  time: 1205.378076396999
  value: 0.012373284922099947
