hps:
  metric: l2
  n_neighbors: 5
time: 1261.4559787623584
value: 0.8216344280779201
