em:
  hps:
    nu: 0.004186725591958385
  time: 619.8952410799975
  value: 2603593824827.922
mv:
  hps:
    nu: 0.0008657862383910036
  time: 372.9898323180096
  value: 2.3729717409798337e-12
