hps:
  d_ff: 512
  dropout: 0.1
  lr: 2.559930356494388e-05
time: 303.79861323401565
value: 0.2317258930240692
