hps:
  d_ff: 512
  dropout: 0
  lr: 3.914131716906054e-05
time: 132.48457674996462
value: 0.13910234724575243
