hps:
  bootstrap: false
  max_features: 0.7
  max_samples: 0.01
  n_estimators: 100
time: 231.94605615735054
value: 0.48495384610125747
