em:
  hps:
    nu: 0.19617641049334994
  time: 1254.3550705599773
  value: 112085776804.15672
mv:
  hps:
    nu: 0.08880151172943879
  time: 1042.7940890579775
  value: 8.72055167630948e-13
