em:
  hps:
    nu: 0.0027712724255884234
  time: 1295.450085580349
  value: 2.6050295372181145
mv:
  hps:
    nu: 0.01281360575062882
  time: 1202.9260511472821
  value: 0.004204234344608631
