hps:
  nu: 0.8993836310829739
time: 326.83533850312233
value: 0.9966792024623408
