hps:
  nu: 0.011224403034815993
time: 264.8719906099723
value: 0.6973995360503895
