hps:
  ff_dim: 8
  lr: 2.369907218315164e-05
  n_layers: 2
time: 303.5992461144924
value: 0.018921508565338918
