hps:
  epsilon: 0.02698362377747779
  l: 1
time: 51.615984662028495
value: 0.613789255204734
