em:
  hps:
    nu: 0.03770828320254522
  time: 561.0045580603182
  value: 295190.3832214312
mv:
  hps:
    nu: 0.00029234438677160334
  time: 594.4790633805096
  value: 1.682637573594547e-07
