em:
  hps:
    nu: 0.22744325855711484
  time: 343.06653500601533
  value: 1010071425.9985169
mv:
  hps:
    nu: 0.23384847641867676
  time: 242.81227242399473
  value: 9.557660366012124e-11
