hps:
  ff_dim: 8
  lr: 0.0015379693534501291
  n_layers: 1
time: 309.41084909811616
value: 0.03158319514400343
