em:
  hps:
    bootstrap: false
    max_features: 0.7
    max_samples: 0.05
    n_estimators: 400
  time: 1207.1309558819921
  value: 0.012647148275782947
mv:
  hps:
    bootstrap: true
    max_features: 1.0
    max_samples: 0.02
    n_estimators: 400
  time: 1249.3854880710132
  value: 0.0
