em:
  hps:
    nu: 0.4106222900461087
  time: 1588.9255070351064
  value: 16.90714113986469
mv:
  hps:
    nu: 0.00020906452682184395
  time: 2051.258232396096
  value: 0.0022497775180276205
