em:
  hps:
    nu: 0.0004259174749080986
  time: 1232.4334453083575
  value: 1.769503718085002e-05
mv:
  hps:
    nu: 0.0010048357300826202
  time: 1207.9695629701018
  value: 2793.6985335163927
