em:
  hps:
    nu: 0.0015718081874389082
  time: 360.12815104052424
  value: 0.003134213571066774
mv:
  hps:
    nu: 0.0004902811859406308
  time: 283.4439895041287
  value: 1.7431715257973244
