em:
  hps:
    nu: 0.0629352563243687
  time: 1390.176756426692
  value: 2.1968696222164654e-05
mv:
  hps:
    nu: 0.972907990849605
  time: 1268.35428327322
  value: 266.4402533189732
