hps:
  nu: 0.18413634190645026
time: 14.626400329987518
value: 0.23795416491114063
