hps:
  ff_dim: 16
  lr: 1.1910580597096785e-05
  n_layers: 2
time: 305.9905692972243
value: 0.0219890982306018
