hps:
  metric: l2
  n_neighbors: 5
time: 171.04024723172188
value: 0.07990505481049459
