em:
  hps:
    nu: 0.9152843435590962
  time: 1290.6930620968342
  value: 0.0011142250619208718
mv:
  hps:
    nu: 0.0051844669466825834
  time: 1086.3289571218193
  value: 324.3753094029612
