em:
  hps:
    nu: 0.00010171813536910649
  time: 358.337699316442
  value: 171.9858941557589
mv:
  hps:
    nu: 0.007090627835170828
  time: 369.3714809194207
  value: 0.00028880359302274877
