em:
  hps:
    nu: 0.14471830399704527
  time: 1262.6785092316568
  value: 8766.68621831867
mv:
  hps:
    nu: 0.00010766706221740969
  time: 625.4590827599168
  value: 0.00021678605802776348
