hps:
  epsilon: 0.022123386366184987
  l: 1
time: 727.6573166511953
value: 0.01214547887405304
