em:
  hps:
    bootstrap: false
    max_features: 0.5
    max_samples: 0.05
    n_estimators: 200
  time: 1201.3201178312302
  value: 1.951073389337593e-05
mv:
  hps:
    bootstrap: true
    max_features: 1.0
    max_samples: 0.05
    n_estimators: 400
  time: 894.9435698390007
  value: 307.80915218968755
