hps:
  nu: 0.5097682670037478
time: 57.84865075722337
value: 0.019360569382809723
