em:
  hps:
    bootstrap: false
    max_features: 1.0
    max_samples: 0.02
    n_estimators: 200
  time: 1304.4698366560042
  value: 90.39888761498756
mv:
  hps:
    bootstrap: true
    max_features: 1.0
    max_samples: 0.01
    n_estimators: 200
  time: 1391.0283113457263
  value: 0.004034386582261933
