em:
  hps:
    nu: 0.9644576268872451
  time: 1354.3880591309862
  value: 183722226.80313838
mv:
  hps:
    nu: 0.024024184295312532
  time: 699.5235607520153
  value: 1.4154205268151981e-08
