hps:
  metric: l1
  n_neighbors: 5
time: 41.46201216429472
value: 0.9825757575757575
