em:
  hps:
    nu: 0.399889412048349
  time: 1878.314375501126
  value: 23.382715659092437
mv:
  hps:
    nu: 0.9751917976779528
  time: 2636.45935998857
  value: 0.0003163418927530604
