em:
  hps:
    nu: 0.009414450301043166
  time: 1207.723308749497
  value: 0.0008613944167043244
mv:
  hps:
    nu: 0.0005189645439401505
  time: 690.6606187075377
  value: 3048.151142003769
