em:
  hps:
    nu: 0.004469840965344596
  time: 169.88138045498636
  value: 239185521539.09515
mv:
  hps:
    nu: 0.055465441158039405
  time: 179.55544459301746
  value: 2.46283734215359e-11
