hps:
  d_ff: 256
  dropout: 0.1
  lr: 0.0018003264965607004
time: 335.5789090320468
value: 0.024493513466777972
