hps:
  d_ff: 128
  dropout: 0
  lr: 7.037517447148478e-05
time: 302.89860597252846
value: 0.49974196189404996
