hps:
  metric: l1
  n_neighbors: 5
time: 36.47477354481816
value: 0.03077362296233843
