hps:
  nu: 0.008036098656988252
time: 12.835775759071112
value: 0.0031613539356143416
