em:
  hps:
    nu: 0.12025169110514074
  time: 1221.7754406444728
  value: 2.2951916301755437e-05
mv:
  hps:
    nu: 0.7158983980370711
  time: 1224.4290721714497
  value: 261.26064302650093
