hps:
  ff_dim: 16
  lr: 0.015405949413530943
  n_layers: 1
time: 300.93390840291977
value: 0.0044060168542490175
