hps:
  d_ff: 512
  dropout: 0.1
  lr: 0.006286036482708631
time: 347.2978862290038
value: 0.11510145876855638
