hps:
  d_ff: 256
  dropout: 0
  lr: 0.0016514382332712082
time: 314.14506834500935
value: 0.7834478013829632
