em:
  hps:
    nu: 0.7838651691774343
  time: 1319.834021538496
  value: 1.4098548613298317e-05
mv:
  hps:
    nu: 0.004423725391571365
  time: 1115.3420724086463
  value: 3293.9756831032328
