em:
  hps:
    nu: 0.004596530323132354
  time: 398.14511946588755
  value: 0.019574093793161426
mv:
  hps:
    nu: 0.0017922855833144042
  time: 350.6398769021034
  value: 2.5137684015521415
