em:
  hps:
    bootstrap: false
    max_features: 0.7
    max_samples: 0.02
    n_estimators: 200
  time: 1304.7014122270048
  value: 315525066.85280645
mv:
  hps:
    bootstrap: true
    max_features: 0.7
    max_samples: 0.05
    n_estimators: 400
  time: 1421.7213086079864
  value: 2.707217594272335e-08
