em:
  hps:
    ff_dim: 16
    lr: 2.293446277386048e-05
    n_layers: 2
  time: 424.99626794829965
  value: 0.00020031103499601227
mv:
  hps:
    ff_dim: 8
    lr: 0.0005260932568561266
    n_layers: 2
  time: 510.38884826004505
  value: 3230.9699772342265
