hps:
  ff_dim: 16
  lr: 0.00045863527028588156
  n_layers: 2
time: 241.11346215754747
value: 0.9633333333333334
