em:
  hps:
    ff_dim: 32
    lr: 0.00028682604496153033
    n_layers: 2
  time: 508.473421142
  value: 3751602861.1567335
mv:
  hps:
    ff_dim: 16
    lr: 5.041831161379939e-05
    n_layers: 1
  time: 380.89348928502295
  value: 1.3240450111307033e-11
