em:
  hps:
    ff_dim: 8
    lr: 2.4258123049315986e-05
    n_layers: 1
  time: 321.2912921200041
  value: 137.9415158639822
mv:
  hps:
    ff_dim: 8
    lr: 0.000863856564855017
    n_layers: 2
  time: 407.1076084819797
  value: 0.019551246598362916
