em:
  hps:
    ff_dim: 16
    lr: 1.7871492448387876e-05
    n_layers: 2
  time: 373.1576815790031
  value: 0.0020791220828303234
mv:
  hps:
    ff_dim: 8
    lr: 0.00015309026664111756
    n_layers: 2
  time: 372.6642634770251
  value: 1588.2834615160841
