em:
  hps:
    ff_dim: 8
    lr: 0.0004161512708925537
    n_layers: 2
  time: 353.4219836778939
  value: 1.4130252637728607e-05
mv:
  hps:
    ff_dim: 8
    lr: 0.009915327158484687
    n_layers: 2
  time: 300.63152557611465
  value: 2425.31940234375
