em:
  hps:
    bootstrap: true
    max_features: 1.0
    max_samples: 0.05
    n_estimators: 200
  time: 1291.4391785636544
  value: 66.96710805295332
mv:
  hps:
    bootstrap: true
    max_features: 0.7
    max_samples: 0.05
    n_estimators: 200
  time: 1260.1840080618858
  value: 0.00013957237784318024
