em:
  hps:
    nu: 0.00036306626435907065
  time: 1629.3132052458823
  value: 96.89397350186567
mv:
  hps:
    nu: 0.2868788650890798
  time: 1452.6654115468264
  value: 0.0004652117211048996
