em:
  hps:
    bootstrap: true
    max_features: 1.0
    max_samples: 0.05
    n_estimators: 400
  time: 1023.5676402114332
  value: 709.7697861982986
mv:
  hps:
    bootstrap: false
    max_features: 0.5
    max_samples: 0.05
    n_estimators: 200
  time: 540.5117943622172
  value: 0.0048370851359031825
