hps:
  ff_dim: 32
  lr: 1.353119893011136e-05
  n_layers: 2
time: 324.11841098964214
value: 0.012221101786549116
