em:
  hps:
    nu: 0.007313213860975628
  time: 1205.8433120846748
  value: 1.5803363851516324e-05
mv:
  hps:
    nu: 0.1968477254509221
  time: 1320.6885971538723
  value: 3242.8907849601806
