em:
  hps:
    nu: 0.43592886865279695
  time: 1047.3990177363157
  value: 2.372068618963764e-05
mv:
  hps:
    nu: 0.5474571975466643
  time: 1212.0605882927775
  value: 258.0978195991345
