em:
  hps:
    bootstrap: true
    max_features: 0.7
    max_samples: 0.01
    n_estimators: 100
  time: 1491.4932299740613
  value: 1.5348066888033405
mv:
  hps:
    bootstrap: false
    max_features: 0.7
    max_samples: 0.05
    n_estimators: 400
  time: 1263.2211722396314
  value: 0.018096292895219454
