hps:
  d_ff: 512
  dropout: 0
  lr: 0.000798728199655679
time: 307.82151809334755
value: 0.0013701732127254784
