hps:
  bootstrap: true
  max_features: 0.7
  max_samples: 0.05
  n_estimators: 400
time: 95.21630252152681
value: 0.08234690919038112
