em:
  hps:
    ff_dim: 32
    lr: 0.0003542319326819481
    n_layers: 2
  time: 342.81791953369975
  value: 1542399.6757821618
mv:
  hps:
    ff_dim: 8
    lr: 0.09967185915601348
    n_layers: 1
  time: 312.08315865695477
  value: 4.6596071497764e-07
