em:
  hps:
    nu: 0.0003235611427071859
  time: 2081.591187622398
  value: 98.66297810256631
mv:
  hps:
    nu: 0.06691629951536322
  time: 1280.6034898869693
  value: 1.9409287820650834e-05
