em:
  hps:
    nu: 0.22937633666110782
  time: 1738.098178387998
  value: 103.74721998029636
mv:
  hps:
    nu: 0.00020687640434578352
  time: 1202.3187430829857
  value: 0.0
