hps:
  nu: 0.00048640084853094213
time: 7.978975526988506
value: 0.02357131505862875
