em:
  hps:
    nu: 0.5601968312236328
  time: 1369.7292696899967
  value: 116.59324889263482
mv:
  hps:
    nu: 0.9431753122331019
  time: 1235.2833226579824
  value: 5.669781542199802e-07
