em:
  hps:
    ff_dim: 32
    lr: 0.016512408839753065
    n_layers: 2
  time: 376.1273724138737
  value: 2.670374361971759e-05
mv:
  hps:
    ff_dim: 16
    lr: 0.00016646826259896963
    n_layers: 2
  time: 301.66223384439945
  value: 2145.5785102976083
