hps:
  ff_dim: 8
  lr: 0.019547689015298048
  n_layers: 2
time: 309.92783892154694
value: 0.012058595019898366
