hps:
  ff_dim: 8
  lr: 0.08183245027867521
  n_layers: 2
time: 343.30598664999707
value: 0.9618695414975412
