hps:
  ff_dim: 8
  lr: 0.0005384610445565236
  n_layers: 2
time: 306.35685344412923
value: 0.00241619404847615
