hps:
  nu: 0.7574697797373839
time: 343.7897765301168
value: 0.007107206167129343
