hps:
  bootstrap: false
  max_features: 1.0
  max_samples: 0.05
  n_estimators: 100
time: 112.36867478489876
value: 0.015033054912823585
