em:
  hps:
    bootstrap: false
    max_features: 0.5
    max_samples: 0.02
    n_estimators: 200
  time: 1207.4233481995761
  value: 0.003628832929241697
mv:
  hps:
    bootstrap: false
    max_features: 0.5
    max_samples: 0.05
    n_estimators: 400
  time: 1259.3170543275774
  value: 354.3997008107025
