em:
  hps:
    ff_dim: 32
    lr: 9.604279668082176e-05
    n_layers: 1
  time: 410.5889356806874
  value: 2.731488800184311e-05
mv:
  hps:
    ff_dim: 16
    lr: 1.1194537746719735e-05
    n_layers: 1
  time: 343.50520944967866
  value: 1964.6699216291486
