hps:
  metric: l1
  n_neighbors: 5
time: 1204.638792410493
value: 0.021873904124964483
