em:
  hps:
    nu: 0.009990119757856665
  time: 1342.372120756656
  value: 94.81190930182441
mv:
  hps:
    nu: 0.2905051003468518
  time: 1295.9968944340944
  value: 9.67615623173751e-05
