em:
  hps:
    nu: 0.18919153661599758
  time: 1217.8997723907232
  value: 3.106260597559872e-05
mv:
  hps:
    nu: 0.00010695452494555131
  time: 421.35556070134044
  value: 1590.0585132027568
