em:
  hps:
    ff_dim: 16
    lr: 2.44954963790986e-05
    n_layers: 1
  time: 320.4700320288539
  value: 533.3912808552705
mv:
  hps:
    ff_dim: 32
    lr: 4.049085895220688e-05
    n_layers: 1
  time: 316.87927758693695
  value: 0.00028880359302274877
