hps:
  ff_dim: 16
  lr: 0.01170793485204615
  n_layers: 2
time: 302.3916413038969
value: 0.7397826891557393
