hps:
  d_ff: 128
  dropout: 0.1
  lr: 0.0005485742812234284
time: 309.7912008315325
value: 0.03800753073396457
