em:
  hps:
    bootstrap: false
    max_features: 0.7
    max_samples: 0.05
    n_estimators: 400
  time: 813.674713800021
  value: 0.0011089468780507978
mv:
  hps:
    bootstrap: true
    max_features: 0.7
    max_samples: 0.01
    n_estimators: 200
  time: 675.5513964339916
  value: 5264.6443093120415
