em:
  hps:
    ff_dim: 16
    lr: 0.001258840281106652
    n_layers: 2
  time: 334.35701701045036
  value: 68365.61605016727
mv:
  hps:
    ff_dim: 8
    lr: 1.4018000604604874e-05
    n_layers: 1
  time: 372.2361044511199
  value: 7.267128399845302e-07
