hps:
  epsilon: 0.07845291805778093
  l: 3
time: 377.8746146559715
value: 0.9418605323080669
