hps:
  d_ff: 128
  dropout: 0
  lr: 0.00028249262800191996
time: 303.6138757169829
value: 0.11293916288593209
