hps:
  d_ff: 256
  dropout: 0
  lr: 1.7714318675776096e-05
time: 399.4979365952313
value: 0.03029847605355873
