hps:
  d_ff: 256
  dropout: 0
  lr: 5.4612237719025554e-05
time: 316.5210183300078
value: 0.2088638750255314
