em:
  hps:
    bootstrap: true
    max_features: 0.7
    max_samples: 0.05
    n_estimators: 200
  time: 904.375077791512
  value: 6808.172652024477
mv:
  hps:
    bootstrap: false
    max_features: 1.0
    max_samples: 0.05
    n_estimators: 200
  time: 677.1951368898153
  value: 0.00021749652195567125
