hps:
  d_ff: 256
  dropout: 0
  lr: 1.0707461377611225e-05
time: 304.00926581025124
value: 0.013611371031668873
