hps:
  nu: 0.9779031327379157
time: 43.88196713849902
value: 0.267918944460513
