hps:
  ff_dim: 8
  lr: 0.0026315550733922257
  n_layers: 2
time: 73.41547341400292
value: 0.8325993373178655
