em:
  hps:
    nu: 0.14492891187733478
  time: 488.34416738525033
  value: 1.8871643266280774e-05
mv:
  hps:
    nu: 0.9613264568309199
  time: 431.7258946634829
  value: 311.6879829677637
