hps:
  ff_dim: 16
  lr: 0.001614544008418297
  n_layers: 1
time: 302.6992596052587
value: 0.011076047852582649
