hps:
  ff_dim: 8
  lr: 0.006084561679858933
  n_layers: 2
time: 302.7990037947893
value: 0.17480585337519605
