em:
  hps:
    ff_dim: 16
    lr: 0.0002130044111795105
    n_layers: 2
  time: 519.6443349870096
  value: 1042.663286170065
mv:
  hps:
    ff_dim: 32
    lr: 0.003827858190520862
    n_layers: 2
  time: 518.2152631790086
  value: 0.00011753603455144908
