hps:
  nu: 0.9870201591089451
time: 50.23948560497956
value: 0.14198598063865697
