hps:
  epsilon: 0.07016189967298274
  l: 4
time: 178.62699387595057
value: 0.13923587496553158
