em:
  hps:
    ff_dim: 32
    lr: 0.042335323671026125
    n_layers: 1
  time: 310.7684791809879
  value: 0.0007289164714297878
mv:
  hps:
    ff_dim: 32
    lr: 6.462779141238677e-05
    n_layers: 2
  time: 314.2843536090222
  value: 0.0
