em:
  hps:
    ff_dim: 8
    lr: 1.4852990844272764e-05
    n_layers: 1
  time: 368.8466832190752
  value: 2.277758264508323e-05
mv:
  hps:
    ff_dim: 32
    lr: 0.00011352003252569718
    n_layers: 1
  time: 300.7879768013954
  value: 1819.016151950455
