hps:
  metric: l1
  n_neighbors: 5
time: 1405.3750213421881
value: 0.9534983596920261
