hps:
  ff_dim: 16
  lr: 1.184312483792557e-05
  n_layers: 1
time: 303.0365607254207
value: 0.050909363661174045
