em:
  hps:
    ff_dim: 8
    lr: 1.0930186464632946e-05
    n_layers: 1
  time: 320.5494623221457
  value: 72181.3563904283
mv:
  hps:
    ff_dim: 32
    lr: 0.004071805819984191
    n_layers: 1
  time: 316.5284138917923
  value: 8.169833359715995e-06
