hps:
  d_ff: 256
  dropout: 0
  lr: 0.0034059220261933357
time: 319.0457686781883
value: 0.016149693891852057
