hps:
  epsilon: 0.010542001856513581
  l: 5
time: 161.85534204542637
value: 0.1691242220975513
