em:
  hps:
    nu: 0.830142467191478
  time: 2479.9055026830174
  value: 103.66583127278426
mv:
  hps:
    nu: 0.44279434477017837
  time: 1872.6740443010058
  value: 7.69583634504183e-07
