hps:
  bootstrap: true
  max_features: 0.5
  max_samples: 0.05
  n_estimators: 100
time: 225.71835320815444
value: 0.0022763363181591556
