em:
  hps:
    ff_dim: 8
    lr: 0.0213689746659407
    n_layers: 2
  time: 302.1466492936015
  value: 1.3720078912313211e-05
mv:
  hps:
    ff_dim: 16
    lr: 1.4368553347825314e-05
    n_layers: 2
  time: 326.64000580087304
  value: 3775.423065744972
