hps:
  ff_dim: 32
  lr: 0.0017652237741241856
  n_layers: 1
time: 211.44305931776762
value: 0.023244505355860423
