em:
  hps:
    nu: 0.00010350802790528744
  time: 1222.9585837982595
  value: 4.009443578874265
mv:
  hps:
    nu: 0.7787957452004042
  time: 1261.6944562084973
  value: 0.014024511719969511
