hps:
  ff_dim: 8
  lr: 1.4912188152514069e-05
  n_layers: 2
time: 218.74734622612596
value: 0.4861550415753608
