hps:
  bootstrap: false
  max_features: 0.5
  max_samples: 0.01
  n_estimators: 100
time: 263.9401509426534
value: 0.01651660705837643
