em:
  hps:
    ff_dim: 8
    lr: 4.5963745176445065e-05
    n_layers: 2
  time: 339.4497713111341
  value: 398.64975593047336
mv:
  hps:
    ff_dim: 32
    lr: 0.002933107902974103
    n_layers: 2
  time: 302.1675144806504
  value: 0.004126148208975789
