em:
  hps:
    nu: 0.03468075895638916
  time: 1492.1519790180027
  value: 17.150034198517936
mv:
  hps:
    nu: 0.04379975084595686
  time: 1284.4897807128727
  value: 0.0004000062597079539
