hps:
  ff_dim: 8
  lr: 0.08290096568939137
  n_layers: 1
time: 320.799960590899
value: 0.005701849666529535
