em:
  hps:
    bootstrap: false
    max_features: 1.0
    max_samples: 0.01
    n_estimators: 200
  time: 1232.0819827727973
  value: 1.6522170440711795e-05
mv:
  hps:
    bootstrap: true
    max_features: 0.5
    max_samples: 0.01
    n_estimators: 100
  time: 1332.1723647639155
  value: 2814.434358940136
