em:
  hps:
    nu: 0.9659071813449723
  time: 1227.5833275059995
  value: 0.0035310355212151575
mv:
  hps:
    nu: 0.0064662184703748755
  time: 783.9990572890092
  value: 1499.9781972656247
