em:
  hps:
    nu: 0.08166797529765824
  time: 673.3753149732947
  value: 1318.4655722017899
mv:
  hps:
    nu: 0.006508932004300616
  time: 317.1325958929956
  value: 0.00012325394015922283
