hps:
  epsilon: 0.04533728075216092
  l: 5
time: 586.0632095523179
value: 0.2013267751803839
