em:
  hps:
    bootstrap: false
    max_features: 1.0
    max_samples: 0.01
    n_estimators: 400
  time: 1235.2661260710156
  value: 103.41126800478216
mv:
  hps:
    bootstrap: true
    max_features: 1.0
    max_samples: 0.02
    n_estimators: 100
  time: 1465.4840402329864
  value: 1.4767203744002211e-06
