em:
  hps:
    ff_dim: 8
    lr: 0.003261023303474557
    n_layers: 2
  time: 301.7206974030123
  value: 0.6885274873250848
mv:
  hps:
    ff_dim: 8
    lr: 3.562413598504903e-05
    n_layers: 2
  time: 305.46265669498825
  value: 0.13109282934665678
