hps:
  epsilon: 0.010357014257963733
  l: 3
time: 751.1346159987152
value: 0.9973393983092715
