em:
  hps:
    ff_dim: 32
    lr: 0.00012693697971782804
    n_layers: 1
  time: 318.11279352754354
  value: 0.0004210334697851032
mv:
  hps:
    ff_dim: 32
    lr: 2.3497543913596385e-05
    n_layers: 1
  time: 307.61241825670004
  value: 2045.0480273437493
