hps:
  nu: 0.03751027919913026
time: 5.108466337958816
value: 0.07641012845011486
