em:
  hps:
    nu: 0.9475094192328142
  time: 1211.0796684361994
  value: 3513.6484632515267
mv:
  hps:
    nu: 0.9485138714149146
  time: 1285.2285980544984
  value: 5.455863348664e-06
