em:
  hps:
    ff_dim: 16
    lr: 0.010309451470619157
    n_layers: 2
  time: 334.12261705400306
  value: 12804003538.989971
mv:
  hps:
    ff_dim: 8
    lr: 0.000303080146021369
    n_layers: 1
  time: 124.53268535502139
  value: 0.0
