em:
  hps:
    nu: 0.0011007413674206249
  time: 638.8770607970655
  value: 6308.345613950148
mv:
  hps:
    nu: 0.020276453968133556
  time: 733.2174873575568
  value: 7.873661626945248e-06
