hps:
  epsilon: 0.014420931621109266
  l: 1
time: 382.0174398049712
value: 0.964438031963274
