hps:
  bootstrap: false
  max_features: 1.0
  max_samples: 0.05
  n_estimators: 100
time: 1166.0978461503983
value: 0.0005202048260797287
