hps:
  bootstrap: true
  max_features: 1.0
  max_samples: 0.02
  n_estimators: 100
time: 36.07321655499982
value: 0.10152072262702383
