hps:
  bootstrap: true
  max_features: 0.5
  max_samples: 0.01
  n_estimators: 100
time: 95.1412725209957
value: 0.17732953543899121
