hps:
  epsilon: 0.0839909913227108
  l: 4
time: 188.7775011099875
value: 0.31335092360958394
