hps:
  epsilon: 0.0921079553028005
  l: 1
time: 183.84616266563535
value: 0.7754959998807194
