hps:
  d_ff: 256
  dropout: 0
  lr: 0.0012409845401301527
time: 327.357603892684
value: 0.018833151719566454
