em:
  hps:
    ff_dim: 8
    lr: 0.0008705811249930837
    n_layers: 1
  time: 415.23431442305446
  value: 1001013.7114753887
mv:
  hps:
    ff_dim: 8
    lr: 0.015230275711112214
    n_layers: 1
  time: 349.3653624691069
  value: 4.9631373826741756e-08
