hps:
  metric: l2
  n_neighbors: 5
time: 3.6181698350119404
value: 0.49887194041285265
