em:
  hps:
    ff_dim: 32
    lr: 0.0002277682891864482
    n_layers: 1
  time: 334.9535372070968
  value: 16334.299886453664
mv:
  hps:
    ff_dim: 32
    lr: 0.00025760257964415863
    n_layers: 1
  time: 300.46769205853343
  value: 3.169535065535455e-05
