em:
  hps:
    nu: 0.03305917936410351
  time: 1219.441529892385
  value: 49508622.65553415
mv:
  hps:
    nu: 0.23811104106713296
  time: 1396.0069127306342
  value: 1.0034956146043325e-09
