em:
  hps:
    bootstrap: true
    max_features: 0.7
    max_samples: 0.05
    n_estimators: 400
  time: 1050.868950534612
  value: 925333.9632477406
mv:
  hps:
    bootstrap: true
    max_features: 0.7
    max_samples: 0.05
    n_estimators: 100
  time: 515.817897439003
  value: 2.1674134426612795e-06
