em:
  hps:
    bootstrap: false
    max_features: 0.7
    max_samples: 0.01
    n_estimators: 200
  time: 675.9082587212324
  value: 0.0004338248372677473
mv:
  hps:
    bootstrap: false
    max_features: 1.0
    max_samples: 0.05
    n_estimators: 200
  time: 686.8951762616634
  value: 406.36669861680787
