em:
  hps:
    nu: 0.16244435831206852
  time: 1206.3418761119246
  value: 0.12105122563933343
mv:
  hps:
    nu: 0.00020945887062229253
  time: 423.1507261954248
  value: 0.3758918729518115
