hps:
  ff_dim: 8
  lr: 1.2311116163456036e-05
  n_layers: 2
time: 302.0574044138193
value: 0.0010080645161290036
