hps:
  metric: l1
  n_neighbors: 15
time: 33.7324920296669
value: 0.0009441585900687999
