em:
  hps:
    ff_dim: 8
    lr: 0.00025581335689994875
    n_layers: 2
  time: 318.80673724698136
  value: 5509908.793817317
mv:
  hps:
    ff_dim: 16
    lr: 0.00808938872190265
    n_layers: 1
  time: 260.317304464028
  value: 6.927507788532237e-07
