hps:
  epsilon: 0.04692030428525854
  l: 3
time: 176.24062127247453
value: 0.009003883173403615
