hps:
  d_ff: 128
  dropout: 0
  lr: 0.0005341297562869728
time: 345.8643195480108
value: 0.0012864679543020952
