hps:
  ff_dim: 8
  lr: 4.401015772630776e-05
  n_layers: 2
time: 306.44499467796413
value: 0.7547407296830272
