em:
  hps:
    nu: 0.11213018878842515
  time: 2233.387168930989
  value: 116.8651084364492
mv:
  hps:
    nu: 0.33882891918859565
  time: 1438.2170814239944
  value: 1.201935292561559e-05
