hps:
  epsilon: 0.02489504329077951
  l: 2
time: 194.233656860888
value: 0.39036515256825133
