em:
  hps:
    bootstrap: false
    max_features: 0.5
    max_samples: 0.01
    n_estimators: 400
  time: 1292.7487488559855
  value: 0.005038445152005721
mv:
  hps:
    bootstrap: false
    max_features: 0.5
    max_samples: 0.01
    n_estimators: 400
  time: 1400.4362441469857
  value: 1299.74452326126
