em:
  hps:
    nu: 0.021248871355348007
  time: 227.4998079869838
  value: 0.0009293816992540423
mv:
  hps:
    nu: 0.0008051616458607381
  time: 225.25196268799482
  value: 0.0
