em:
  hps:
    bootstrap: false
    max_features: 1.0
    max_samples: 0.01
    n_estimators: 400
  time: 1249.9843267230026
  value: 262217.6049328825
mv:
  hps:
    bootstrap: false
    max_features: 1.0
    max_samples: 0.02
    n_estimators: 100
  time: 1353.929939262016
  value: 3.418175821423745e-07
