hps:
  nu: 0.00010027438229173914
time: 24.271859116852283
value: 0.06793231580430292
