hps:
  epsilon: 0.010578723104509887
  l: 1
time: 370.22083346545696
value: 0.4513956100151024
