hps:
  epsilon: 0.012882966840071607
  l: 1
time: 185.96955803781748
value: 0.9993980253070437
