em:
  hps:
    bootstrap: true
    max_features: 1.0
    max_samples: 0.05
    n_estimators: 200
  time: 1218.5490586534142
  value: 1.836729630409577e-05
mv:
  hps:
    bootstrap: true
    max_features: 0.7
    max_samples: 0.05
    n_estimators: 400
  time: 1204.7350003682077
  value: 313.03800123128383
