hps:
  ff_dim: 32
  lr: 0.0008137523837921755
  n_layers: 2
time: 312.0537984110415
value: 0.0013446136365907746
