hps:
  ff_dim: 16
  lr: 9.462927016841067e-05
  n_layers: 1
time: 418.09463803470135
value: 0.006422059097189958
