hps:
  nu: 0.0003425939714296525
time: 69.92407166585326
value: 0.8097067996045502
