em:
  hps:
    nu: 0.0023435660292624705
  time: 633.456228159368
  value: 7.366823799389065e-05
mv:
  hps:
    nu: 0.0006523283409457464
  time: 255.51546232029796
  value: 1612.6711287867606
