em:
  hps:
    nu: 0.15682903452973965
  time: 1200.8965996019542
  value: 104.40276173167669
mv:
  hps:
    nu: 0.09834919271397598
  time: 1414.5991975665092
  value: 0.0004756794674322008
