em:
  hps:
    nu: 0.6079982575113677
  time: 720.8531515039504
  value: 2.239889461897385e-05
mv:
  hps:
    nu: 0.15330283173537357
  time: 490.0834863781929
  value: 252.67926110374765
