em:
  hps:
    nu: 0.05298719421963341
  time: 709.3401041738689
  value: 2.46439830856943e-05
mv:
  hps:
    nu: 0.27895843902400674
  time: 1162.7039246708155
  value: 227.89335582567327
