em:
  hps:
    bootstrap: true
    max_features: 0.5
    max_samples: 0.05
    n_estimators: 100
  time: 1431.6603568308055
  value: 0.00032987421311538
mv:
  hps:
    bootstrap: false
    max_features: 1.0
    max_samples: 0.05
    n_estimators: 400
  time: 1252.3810483589768
  value: 3441.243818713845
