em:
  hps:
    bootstrap: false
    max_features: 0.7
    max_samples: 0.02
    n_estimators: 400
  time: 1205.1827151663601
  value: 68365.61605016727
mv:
  hps:
    bootstrap: true
    max_features: 0.5
    max_samples: 0.02
    n_estimators: 200
  time: 1303.2506538555026
  value: 7.267128671628595e-07
