em:
  hps:
    nu: 0.5126002383256225
  time: 761.7284916529898
  value: 244.6760352428192
mv:
  hps:
    nu: 0.00030626898268365006
  time: 95.9325907320017
  value: 0.0023884612088866347
