em:
  hps:
    bootstrap: false
    max_features: 1.0
    max_samples: 0.02
    n_estimators: 400
  time: 687.2471497969818
  value: 4.86902449010367e-05
mv:
  hps:
    bootstrap: true
    max_features: 1.0
    max_samples: 0.05
    n_estimators: 400
  time: 801.9416407120007
  value: 61330.872918904584
