hps:
  ff_dim: 16
  lr: 0.0007595674719322116
  n_layers: 2
time: 302.404508523643
value: 0.046709765961906125
