em:
  hps:
    bootstrap: true
    max_features: 0.7
    max_samples: 0.05
    n_estimators: 200
  time: 861.5527320459951
  value: 16303049.11861389
mv:
  hps:
    bootstrap: false
    max_features: 0.7
    max_samples: 0.01
    n_estimators: 100
  time: 588.9229746260098
  value: 5.69556141641759e-08
