em:
  hps:
    ff_dim: 32
    lr: 4.4867367907681475e-05
    n_layers: 1
  time: 334.25138729065657
  value: 2.4818201538042462e-05
mv:
  hps:
    ff_dim: 32
    lr: 0.002359272550754941
    n_layers: 1
  time: 303.9170763120055
  value: 1987.9513242187497
