hps:
  ff_dim: 8
  lr: 0.009858021096868735
  n_layers: 1
time: 224.27783849835396
value: 0.020144913498396422
