em:
  hps:
    nu: 0.9002213836048113
  time: 709.6899211108685
  value: 348871.5353966411
mv:
  hps:
    nu: 0.009821112697343789
  time: 113.36275670304894
  value: 3.233904336784246e-06
