hps:
  nu: 0.0011163040393240037
time: 72.64066223427653
value: 0.001656284923397866
