em:
  hps:
    bootstrap: true
    max_features: 1.0
    max_samples: 0.02
    n_estimators: 100
  time: 1239.7537813335657
  value: 29312.625199169757
mv:
  hps:
    bootstrap: true
    max_features: 0.5
    max_samples: 0.05
    n_estimators: 200
  time: 1202.6171631217003
  value: 1.6948910688370232e-06
