hps:
  ff_dim: 8
  lr: 0.0003831552566597565
  n_layers: 2
time: 306.6775963231921
value: 0.003424657534246589
