em:
  hps:
    bootstrap: true
    max_features: 0.5
    max_samples: 0.01
    n_estimators: 400
  time: 1263.272450067103
  value: 9146.95581249442
mv:
  hps:
    bootstrap: true
    max_features: 0.7
    max_samples: 0.01
    n_estimators: 100
  time: 1232.781419876963
  value: 5.4314612716552785e-06
