hps:
  nu: 0.00018177525233750247
time: 6.837867224006914
value: 0.6573691446655194
