em:
  hps:
    nu: 0.0002677661327251269
  time: 674.9320138432086
  value: 2.433229379627366e-05
mv:
  hps:
    nu: 0.39350359833761883
  time: 1245.4565522409976
  value: 2140.642195312499
