em:
  hps:
    nu: 0.00025456479000396555
  time: 1373.6826988011599
  value: 4981.1021536646485
mv:
  hps:
    nu: 0.33284459492802015
  time: 2564.4412539303303
  value: 1.692685295377295e-05
