em:
  hps:
    nu: 0.028803723870978536
  time: 318.6955308880133
  value: 528720484771.7693
mv:
  hps:
    nu: 0.02539377757524712
  time: 332.1914931310166
  value: 6.243820409702692e-14
