hps:
  metric: l1
  n_neighbors: 5
time: 57.765132773667574
value: 0.9092198828924896
