hps:
  metric: l1
  n_neighbors: 5
time: 86.15772624313831
value: 0.7846043408300228
