em:
  hps:
    bootstrap: true
    max_features: 0.5
    max_samples: 0.02
    n_estimators: 200
  time: 1219.796799492091
  value: 11.41137215943722
mv:
  hps:
    bootstrap: true
    max_features: 1.0
    max_samples: 0.05
    n_estimators: 200
  time: 894.7274594381452
  value: 0.14721028364339264
