hps:
  epsilon: 0.09902165930042789
  l: 3
time: 185.8933515921235
value: 0.9447981148952421
