em:
  hps:
    ff_dim: 16
    lr: 3.16732734721239e-05
    n_layers: 1
  time: 325.7309426665306
  value: 34054.27537718884
mv:
  hps:
    ff_dim: 8
    lr: 1.2188684812601114e-05
    n_layers: 2
  time: 343.9917513243854
  value: 1.485690417939772e-05
