hps:
  metric: l1
  n_neighbors: 5
time: 33.181543953716755
value: 0.9996902276521165
