em:
  hps:
    ff_dim: 32
    lr: 1.4755385237597975e-05
    n_layers: 1
  time: 400.3795473280479
  value: 0.0002536978443471098
mv:
  hps:
    ff_dim: 16
    lr: 0.04657371299016219
    n_layers: 2
  time: 302.21823627199046
  value: 4935.24783677455
