hps:
  epsilon: 0.09134472553178169
  l: 3
time: 180.38566949218512
value: 0.012400266037495666
