hps:
  ff_dim: 8
  lr: 0.00018846736765197933
  n_layers: 1
time: 300.15256279334426
value: 0.007775616481372927
