em:
  hps:
    nu: 0.13056573709245708
  time: 1181.8269302770495
  value: 2.2960915289891002e-05
mv:
  hps:
    nu: 0.4120125609855351
  time: 1261.436267849058
  value: 272.3437324306119
