em:
  hps:
    ff_dim: 32
    lr: 3.181013532864766e-05
    n_layers: 2
  time: 312.5794074162841
  value: 0.004173949282895266
mv:
  hps:
    ff_dim: 32
    lr: 0.00011765375815511266
    n_layers: 1
  time: 321.7916771732271
  value: 11.662636397069754
