em:
  hps:
    nu: 0.00027421991523767463
  time: 1059.505270421505
  value: 0.17805990469326438
mv:
  hps:
    nu: 0.02940785299711602
  time: 1163.8126294761896
  value: 0.27888001466921536
