hps:
  bootstrap: false
  max_features: 1.0
  max_samples: 0.01
  n_estimators: 400
time: 104.66353207081556
value: 0.010802836729006504
