em:
  hps:
    nu: 0.16683411390515335
  time: 1698.4924777969718
  value: 2.2707626651277257e-05
mv:
  hps:
    nu: 0.0353639837185855
  time: 1227.0129989609122
  value: 2234.648689453124
