em:
  hps:
    nu: 0.0017533766253552976
  time: 1669.7557567209005
  value: 1.723080727980858e-05
mv:
  hps:
    nu: 0.014148283222966447
  time: 1206.3531844615936
  value: 2996.009349609374
