hps:
  metric: l1
  n_neighbors: 5
time: 659.4201427660882
value: 0.34949164919713993
