em:
  hps:
    bootstrap: true
    max_features: 0.7
    max_samples: 0.02
    n_estimators: 200
  time: 1314.1561539770046
  value: 196.63803834760773
mv:
  hps:
    bootstrap: false
    max_features: 0.7
    max_samples: 0.05
    n_estimators: 200
  time: 1345.9197333659977
  value: 3.766310787401579e-09
