em:
  hps:
    bootstrap: false
    max_features: 1.0
    max_samples: 0.02
    n_estimators: 200
  time: 1218.4976631999016
  value: 18.641977318939215
mv:
  hps:
    bootstrap: true
    max_features: 1.0
    max_samples: 0.05
    n_estimators: 400
  time: 1239.5466360263526
  value: 0.02928305547912676
