em:
  hps:
    nu: 0.3430444219401425
  time: 1263.252714112401
  value: 2.1953521726305358e-05
mv:
  hps:
    nu: 0.9799771576111402
  time: 1318.4660839475691
  value: 267.74805424470327
