hps:
  metric: l1
  n_neighbors: 9
time: 852.9643103405833
value: 0.5586103124351757
