em:
  hps:
    ff_dim: 8
    lr: 0.011032135712020972
    n_layers: 2
  time: 311.62735556811094
  value: 1.4488414471728639e-05
mv:
  hps:
    ff_dim: 8
    lr: 1.328412039952034e-05
    n_layers: 1
  time: 361.8501906618476
  value: 3660.25967172759
