hps:
  d_ff: 256
  dropout: 0.1
  lr: 0.0004395305178480645
time: 311.65855337306857
value: 0.12643837254110613
