em:
  hps:
    nu: 0.011619698596384644
  time: 227.2284925840795
  value: 8.152161149599166
mv:
  hps:
    nu: 0.013379633072577798
  time: 137.96931047737598
  value: 0.0007030423279936256
