em:
  hps:
    nu: 0.5585817232936604
  time: 1233.4007563106716
  value: 0.006945548072993783
mv:
  hps:
    nu: 0.7580406350549146
  time: 1676.8055417649448
  value: 15.514380583362062
