em:
  hps:
    bootstrap: false
    max_features: 0.5
    max_samples: 0.01
    n_estimators: 200
  time: 1239.8045519430016
  value: 0.0015870265887977654
mv:
  hps:
    bootstrap: true
    max_features: 1.0
    max_samples: 0.01
    n_estimators: 400
  time: 1209.439127302001
  value: 2498.0613361776714
