hps:
  d_ff: 256
  dropout: 0
  lr: 5.9209717976339055e-05
time: 301.8250728920102
value: 0.548360908816397
