em:
  hps:
    nu: 0.44640254818464514
  time: 1443.0516663193703
  value: 2.1406774597246775e-05
mv:
  hps:
    nu: 0.32114972077466175
  time: 1584.2652811557055
  value: 2257.091138671875
