em:
  hps:
    ff_dim: 8
    lr: 0.035955476988041225
    n_layers: 1
  time: 457.6383749321103
  value: 7.917461304758589e-05
mv:
  hps:
    ff_dim: 16
    lr: 0.000169309800022683
    n_layers: 1
  time: 315.9166365265846
  value: 2582.120126953124
