hps:
  nu: 0.9775897197826128
time: 325.35960840433836
value: 0.9962222638709588
