hps:
  d_ff: 256
  d_layers: 3
  d_model: 256
  dropout: 0
  e_layers: 2
  factor: 5
  lr: 1.1419404504969319e-05
  n_heads: 8
  num_levels: 2
time: 304.50385224074125
value: 0.051222143730778824
