em:
  hps:
    nu: 0.00043646218335063343
  time: 150.89340291172266
  value: 0.0022062654569373757
mv:
  hps:
    nu: 0.00010948746776611422
  time: 212.00264731049538
  value: 21.105073112651088
