hps:
  ff_dim: 32
  lr: 0.01359948906398942
  n_layers: 1
time: 300.71973840147257
value: 0.017332618693275736
