hps:
  ff_dim: 16
  lr: 2.914144265047399e-05
  n_layers: 1
time: 329.122564394027
value: 0.0032595573627071106
