hps:
  epsilon: 0.0927080900406467
  l: 1
time: 180.99147824198008
value: 0.755695827383857
