em:
  hps:
    nu: 0.00010126140979427033
  time: 620.1898716948926
  value: 2.6305877745202947e-05
mv:
  hps:
    nu: 0.0011920519445399074
  time: 709.8773587755859
  value: 1774.4388646446848
