em:
  hps:
    nu: 0.2827844748129053
  time: 1228.7150984033942
  value: 149013.8994331265
mv:
  hps:
    nu: 0.28162062167758395
  time: 1216.0637011937797
  value: 3.906473746612149e-08
