em:
  hps:
    nu: 0.3425966839626195
  time: 611.7327660806477
  value: 2.175221776847659e-05
mv:
  hps:
    nu: 0.10490033878977235
  time: 726.6588954590261
  value: 262.9690262430257
