em:
  hps:
    nu: 0.0005306258193346206
  time: 1208.191002059728
  value: 0.033088308236496965
mv:
  hps:
    nu: 0.0010709181472853182
  time: 1220.1828720904887
  value: 1.4980484134701406
