em:
  hps:
    ff_dim: 8
    lr: 1.0133918110978486e-05
    n_layers: 1
  time: 352.29768747091293
  value: 8150.1139687310815
mv:
  hps:
    ff_dim: 8
    lr: 1.7390212942839087e-05
    n_layers: 2
  time: 306.63708698004484
  value: 6.295808299910276e-06
