hps:
  d_ff: 512
  dropout: 0
  lr: 0.0001796539411661347
time: 301.11763612926006
value: 0.6557411863904749
