em:
  hps:
    ff_dim: 8
    lr: 0.0003282248709908549
    n_layers: 1
  time: 347.06241504475474
  value: 0.08816451332292047
mv:
  hps:
    ff_dim: 32
    lr: 8.025817104778649e-05
    n_layers: 1
  time: 314.78635458275676
  value: 0.5740971582988766
