hps:
  d_ff: 256
  dropout: 0
  lr: 0.0001049361388143167
time: 303.42855721339583
value: 0.043809537436702684
