em:
  hps:
    ff_dim: 32
    lr: 3.230849629091451e-05
    n_layers: 2
  time: 493.77823156499653
  value: 7.006493331119431
mv:
  hps:
    ff_dim: 32
    lr: 8.505397206940301e-05
    n_layers: 2
  time: 490.3541782600223
  value: 0.017547807635621117
