hps:
  bootstrap: false
  max_features: 1.0
  max_samples: 0.05
  n_estimators: 100
time: 85.97089610248804
value: 0.07248128357168138
