hps:
  ff_dim: 8
  lr: 0.07635503274870706
  n_layers: 1
time: 308.4900861084461
value: 0.07996440449071107
