hps:
  epsilon: 0.03311687144292788
  l: 2
time: 97.26789789646864
value: 0.6338408047971673
