hps:
  epsilon: 0.08370101535751687
  l: 1
time: 183.26318594813347
value: 0.017786093521744095
