hps:
  epsilon: 0.06523222602640613
  l: 2
time: 187.12211816757917
value: 0.25
