em:
  hps:
    bootstrap: false
    max_features: 0.7
    max_samples: 0.02
    n_estimators: 200
  time: 1210.3390496000648
  value: 9658157.624351654
mv:
  hps:
    bootstrap: false
    max_features: 1.0
    max_samples: 0.05
    n_estimators: 100
  time: 611.3189454935491
  value: 1.8200920535610213e-07
