em:
  hps:
    bootstrap: true
    max_features: 0.5
    max_samples: 0.05
    n_estimators: 200
  time: 1223.8904331363738
  value: 3.4323045295457124
mv:
  hps:
    bootstrap: false
    max_features: 1.0
    max_samples: 0.05
    n_estimators: 200
  time: 767.0967499352992
  value: 0.15265389499531515
