hps:
  bootstrap: false
  max_features: 0.7
  max_samples: 0.05
  n_estimators: 100
time: 253.57646719401237
value: 0.7741039347919628
