hps:
  epsilon: 0.0963251064069099
  l: 1
time: 182.5988916605711
value: 0.9908253205128206
