em:
  hps:
    ff_dim: 8
    lr: 2.0696513117411695e-05
    n_layers: 1
  time: 333.56505650654435
  value: 2.6223697237483318e-05
mv:
  hps:
    ff_dim: 32
    lr: 0.0019113178314552135
    n_layers: 2
  time: 301.62826124578714
  value: 2750.85847265625
