hps:
  nu: 0.00015497302029744564
time: 18.732032269239426
value: 0.695547279074337
