em:
  hps:
    nu: 0.0027621257576348063
  time: 1205.0181281715631
  value: 7891.211636003882
mv:
  hps:
    nu: 0.009588413831843447
  time: 1408.9934989102185
  value: 6.295808299910276e-06
