hps:
  nu: 0.007428902778260357
time: 305.50147599354386
value: 0.9797167637427104
