hps:
  epsilon: 0.09888782942720788
  l: 4
time: 180.88992690300802
value: 0.6996317464790539
