hps:
  d_ff: 512
  dropout: 0.1
  lr: 0.0013265654153693887
time: 398.0890774950385
value: 0.05586698444861771
