em:
  hps:
    ff_dim: 16
    lr: 0.003960272678675251
    n_layers: 1
  time: 380.5583772584796
  value: 0.0008341576298380892
mv:
  hps:
    ff_dim: 16
    lr: 0.09256747641707458
    n_layers: 1
  time: 352.4873019941151
  value: 2262.0061746266965
