em:
  hps:
    nu: 0.00015606271939439307
  time: 1227.7945735149842
  value: 10.842380786319035
mv:
  hps:
    nu: 0.8779735120856379
  time: 1248.2048730420065
  value: 0.00458136561512947
