em:
  hps:
    nu: 0.00010443047876279199
  time: 1208.0076932840166
  value: 52366668.4612394
mv:
  hps:
    nu: 0.0024195987243773812
  time: 1319.9149058840121
  value: 3.136318852625663e-08
