hps:
  ff_dim: 16
  lr: 0.016962461050193674
  n_layers: 1
time: 314.48646158725023
value: 0.4740086515192985
