hps:
  bootstrap: false
  max_features: 0.7
  max_samples: 0.01
  n_estimators: 100
time: 38.60460949316621
value: 0.024698344822009055
