hps:
  d_ff: 256
  dropout: 0
  lr: 3.480038740935885e-05
time: 120.48068582394626
value: 0.5637880227103544
