hps:
  ff_dim: 32
  lr: 4.200795382186827e-05
  n_layers: 2
time: 281.0102406950318
value: 0.1273183687432481
