hps:
  nu: 0.00010837776849178199
time: 58.90267051756382
value: 0.681739949088324
