em:
  hps:
    nu: 0.4055585080309571
  time: 1264.6512673199177
  value: 2.2859300958734495e-05
mv:
  hps:
    nu: 0.5858927140062473
  time: 1344.5952446796
  value: 252.29229134842313
