hps:
  ff_dim: 32
  lr: 0.0315872719905306
  n_layers: 1
time: 171.0102374390117
value: 0.07307848460255517
