hps:
  epsilon: 0.05153871182675678
  l: 4
time: 182.0968471504748
value: 0.16252298415254374
