em:
  hps:
    nu: 0.10475842892389242
  time: 2497.2459287189995
  value: 17406.597547711215
mv:
  hps:
    nu: 0.5694745661653862
  time: 2525.1156306219928
  value: 5.2215701556459125e-08
