hps:
  nu: 0.0001028191156365851
time: 9.15417717397213
value: 0.05365533390015431
