em:
  hps:
    nu: 0.12658995084444066
  time: 1291.5645869374275
  value: 1.5089566685906693e-05
mv:
  hps:
    nu: 0.014789613852864375
  time: 919.647524535656
  value: 2902.9960870815185
