hps:
  epsilon: 0.08341096172491641
  l: 1
time: 194.56181720644236
value: 0.320936931237657
