em:
  hps:
    nu: 0.11746602231961456
  time: 1218.5584576576948
  value: 98.84248526021419
mv:
  hps:
    nu: 0.00017434300303807986
  time: 1696.8895109854639
  value: 1.598918043722318e-05
