hps:
  d_ff: 512
  dropout: 0
  lr: 0.0006130472234389171
time: 308.7373777516186
value: 0.13116756354268477
