em:
  hps:
    bootstrap: false
    max_features: 0.7
    max_samples: 0.02
    n_estimators: 400
  time: 1270.770198918879
  value: 0.0012845128932089927
mv:
  hps:
    bootstrap: true
    max_features: 0.7
    max_samples: 0.01
    n_estimators: 200
  time: 1230.6838342733681
  value: 3354.0845478318142
