em:
  hps:
    bootstrap: false
    max_features: 1.0
    max_samples: 0.01
    n_estimators: 200
  time: 1335.8709040768445
  value: 1.9719916141308397e-05
mv:
  hps:
    bootstrap: false
    max_features: 1.0
    max_samples: 0.01
    n_estimators: 200
  time: 1236.0068716965616
  value: 1890.3040664062496
