em:
  hps:
    bootstrap: false
    max_features: 0.5
    max_samples: 0.02
    n_estimators: 100
  time: 1412.2242230214179
  value: 49508622.65553415
mv:
  hps:
    bootstrap: true
    max_features: 0.5
    max_samples: 0.02
    n_estimators: 100
  time: 1222.2188644781709
  value: 1.0034956146043325e-09
