em:
  hps:
    nu: 0.5591404246084034
  time: 743.6365485787392
  value: 0.60306998821087
mv:
  hps:
    nu: 0.005015807608877037
  time: 245.766879145056
  value: 0.0482273651625517
