hps:
  ff_dim: 16
  lr: 7.182557163192766e-05
  n_layers: 2
time: 277.35229624435306
value: 0.5131900987583445
