em:
  hps:
    ff_dim: 32
    lr: 0.00011522530046394095
    n_layers: 2
  time: 492.383480604738
  value: 0.002901645312677979
mv:
  hps:
    ff_dim: 32
    lr: 0.00629859126977833
    n_layers: 2
  time: 398.99760469049215
  value: 15.638615404083682
