hps:
  nu: 0.07531071177369136
time: 2.4028459960245527
value: 0.4750146347838007
