em:
  hps:
    ff_dim: 8
    lr: 0.018592711822170684
    n_layers: 2
  time: 511.10231563076377
  value: 6.206383729250096e-05
mv:
  hps:
    ff_dim: 16
    lr: 0.005348171344381007
    n_layers: 1
  time: 305.84904151409864
  value: 784.6600996693292
