em:
  hps:
    ff_dim: 16
    lr: 0.016660480683460047
    n_layers: 2
  time: 513.4188503890182
  value: 0.0025306620149252237
mv:
  hps:
    ff_dim: 8
    lr: 0.09965627174815772
    n_layers: 1
  time: 369.63009033200797
  value: 1774.8089929565392
