em:
  hps:
    nu: 0.015577024687289071
  time: 354.3829743601382
  value: 2.556862338756663
mv:
  hps:
    nu: 0.0001548222710260927
  time: 258.6904080323875
  value: 0.2222243297017883
