em:
  hps:
    nu: 0.050384802436991
  time: 1136.5545925088227
  value: 5.86940962550883
mv:
  hps:
    nu: 0.0036910180090433176
  time: 458.7062418051064
  value: 0.012958638788157709
