hps:
  epsilon: 0.04203209346420474
  l: 2
time: 188.95515262900153
value: 0.7762626543709321
