em:
  hps:
    nu: 0.12984910240639413
  time: 386.87437028065324
  value: 1542399.6757821618
mv:
  hps:
    nu: 0.0001388820161428741
  time: 124.07392089813948
  value: 0.0
