em:
  hps:
    nu: 0.0002546748056066667
  time: 1206.9818456992507
  value: 68365.61605016727
mv:
  hps:
    nu: 0.0017735448319511286
  time: 1166.1909536719322
  value: 7.267128671628595e-07
