hps:
  bootstrap: true
  max_features: 0.5
  max_samples: 0.05
  n_estimators: 100
time: 90.42143765836954
value: 0.5983862581034354
