hps:
  d_ff: 128
  dropout: 0
  lr: 0.0001852779824908442
time: 308.70537393540144
value: 0.044000746218850306
