hps:
  nu: 0.0006688247987384378
time: 13.53375405445695
value: 0.9997151201761947
