hps:
  d_ff: 512
  dropout: 0.1
  lr: 9.218374225994296e-05
time: 315.86529828608036
value: 0.04936530006059958
