em:
  hps:
    nu: 0.0006013389318792213
  time: 890.2519135810435
  value: 1.574806150622303e-05
mv:
  hps:
    nu: 0.00041510921245141344
  time: 781.8723351284862
  value: 3130.914618891651
