em:
  hps:
    bootstrap: false
    max_features: 1.0
    max_samples: 0.01
    n_estimators: 400
  time: 1261.444695506012
  value: 4.4321556448356974e-05
mv:
  hps:
    bootstrap: true
    max_features: 1.0
    max_samples: 0.05
    n_estimators: 400
  time: 1216.892474983004
  value: 1317.614675821178
