em:
  hps:
    nu: 0.02231752376346633
  time: 1881.3267538660148
  value: 0.0028984363391656343
mv:
  hps:
    nu: 0.0030801379446282803
  time: 1269.35500491102
  value: 1387.724391466165
