hps:
  metric: l1
  n_neighbors: 5
time: 1217.6329811774194
value: 0.03689953767960519
