hps:
  ff_dim: 32
  lr: 0.027604236785403705
  n_layers: 2
time: 393.21194220898906
value: 0.9654461780498693
