hps:
  ff_dim: 8
  lr: 0.0013885511986530077
  n_layers: 2
time: 155.95498134568334
value: 0.006393341897190319
