hps:
  d_ff: 512
  dropout: 0
  lr: 1.0352021185695588e-05
time: 309.3206536658108
value: 0.04435390121458416
