hps:
  nu: 0.39459164078403036
time: 215.63119668513536
value: 0.9663528506779471
