hps:
  nu: 0.02561838287569666
time: 298.32801097258925
value: 0.9107022464420766
