em:
  hps:
    ff_dim: 16
    lr: 0.00029126953827926684
    n_layers: 2
  time: 314.05062958199414
  value: 251356466913.2091
mv:
  hps:
    ff_dim: 8
    lr: 0.011658029616093898
    n_layers: 1
  time: 191.88814488600474
  value: 3.447972279015028e-11
