hps:
  epsilon: 0.012338394382944137
  l: 2
time: 194.65661542117596
value: 0.2274899392993457
