hps:
  bootstrap: true
  max_features: 1.0
  max_samples: 0.05
  n_estimators: 200
time: 51.17159986495972
value: 0.0070459446141855064
