em:
  hps:
    nu: 0.0005168080519398674
  time: 760.8348204307258
  value: 2.16142596331456e-05
mv:
  hps:
    nu: 0.545166093901173
  time: 1248.6072933673859
  value: 236.44849932960457
