hps:
  d_ff: 128
  dropout: 0.1
  lr: 1.1322830637313293e-05
time: 300.0678562782705
value: 0.24875779633962303
