hps:
  metric: l1
  n_neighbors: 5
time: 26.17844269424677
value: 0.18572135219568198
