hps:
  ff_dim: 8
  lr: 0.013804082369689
  n_layers: 1
time: 300.6359523385763
value: 0.004256627204754726
