em:
  hps:
    bootstrap: true
    max_features: 0.7
    max_samples: 0.01
    n_estimators: 100
  time: 672.8890416799986
  value: 12382957466.216175
mv:
  hps:
    bootstrap: true
    max_features: 0.5
    max_samples: 0.05
    n_estimators: 400
  time: 946.6303887059912
  value: 1.5273749207002144e-10
