hps:
  bootstrap: true
  max_features: 0.7
  max_samples: 0.05
  n_estimators: 100
time: 71.3559239692986
value: 0.019127667061264342
