em:
  hps:
    ff_dim: 16
    lr: 0.02004625590368954
    n_layers: 2
  time: 338.0110394549847
  value: 62097168.38129381
mv:
  hps:
    ff_dim: 16
    lr: 0.01475103741529377
    n_layers: 1
  time: 325.1636638340133
  value: 0.0
