hps:
  epsilon: 0.09965652677627122
  l: 4
time: 194.0277088310104
value: 0.4933298529450676
