hps:
  ff_dim: 8
  lr: 2.8841669354262427e-05
  n_layers: 1
time: 425.8743179216981
value: 0.0036843116853827462
