em:
  hps:
    bootstrap: true
    max_features: 0.5
    max_samples: 0.05
    n_estimators: 200
  time: 1202.5985679663718
  value: 0.6621495201751901
mv:
  hps:
    bootstrap: false
    max_features: 0.7
    max_samples: 0.02
    n_estimators: 200
  time: 1206.1257288232446
  value: 2.453974305968857
