hps:
  epsilon: 0.01305445691542377
  l: 5
time: 195.63565446063876
value: 0.9898504273504274
