em:
  hps:
    ff_dim: 8
    lr: 0.01899926213245526
    n_layers: 2
  time: 300.861926920712
  value: 1.3674871550162925e-05
mv:
  hps:
    ff_dim: 8
    lr: 0.0006416057287708335
    n_layers: 1
  time: 429.1108617708087
  value: 2813.851863281249
