em:
  hps:
    ff_dim: 16
    lr: 5.2737657884291335e-05
    n_layers: 1
  time: 393.566656851006
  value: 81455531.05083619
mv:
  hps:
    ff_dim: 16
    lr: 0.0017616419292209268
    n_layers: 2
  time: 389.0615106089972
  value: 5.8614476472484955e-08
