em:
  hps:
    nu: 0.06161946150901908
  time: 1224.4116867855191
  value: 2.0133136595426266e-05
mv:
  hps:
    nu: 0.08203031755949082
  time: 1253.9664506427944
  value: 285.7209593040436
