em:
  hps:
    nu: 0.9870948190035503
  time: 428.41950656473637
  value: 9756788.434867062
mv:
  hps:
    nu: 0.3723802264265642
  time: 285.6789021268487
  value: 1.5449748685270005e-07
