em:
  hps:
    nu: 0.39257756306359665
  time: 1222.1231693439186
  value: 1.969029065527972e-05
mv:
  hps:
    nu: 0.0007947253979773724
  time: 493.2141385599971
  value: 2301.0736390129064
