em:
  hps:
    nu: 0.0044828744036154436
  time: 737.7462997101247
  value: 580012.675373219
mv:
  hps:
    nu: 0.05798461679726362
  time: 971.6990198716521
  value: 1.6147964015869226e-06
