hps:
  nu: 0.0678725580267824
time: 49.84988635405898
value: 1.0
