hps:
  epsilon: 0.040635998338153935
  l: 1
time: 182.67531963437796
value: 0.5743832222126559
