hps:
  nu: 0.15041837634835067
time: 45.799728732556105
value: 0.012761690338384146
