hps:
  epsilon: 0.0919592210945336
  l: 2
time: 23.771475827030372
value: 0.29633187284107865
