em:
  hps:
    nu: 0.5447061376010774
  time: 1398.3076107359957
  value: 2.5384312598044456
mv:
  hps:
    nu: 0.4089130372455954
  time: 1275.2187451629725
  value: 0.019551246598362916
