hps:
  d_ff: 512
  dropout: 0.1
  lr: 0.007037800246890844
time: 306.2367795072496
value: 0.018024525409434666
