hps:
  ff_dim: 16
  lr: 3.247369571165556e-05
  n_layers: 2
time: 300.114913482219
value: 0.7588904583751243
