em:
  hps:
    ff_dim: 16
    lr: 0.000159773517432592
    n_layers: 1
  time: 318.1429030634463
  value: 0.1403696830010403
mv:
  hps:
    ff_dim: 32
    lr: 0.01061625573624079
    n_layers: 1
  time: 369.28085213154554
  value: 0.3538254188136294
