em:
  hps:
    nu: 0.09151557936732953
  time: 1246.2415402121842
  value: 2.3398549257026825e-05
mv:
  hps:
    nu: 0.18418776646073007
  time: 1245.312705297023
  value: 251.4150454581078
