hps:
  d_ff: 128
  dropout: 0
  lr: 0.0006775052804035966
time: 304.1594458296895
value: 0.038331412295586675
