hps:
  metric: l1
  n_neighbors: 5
time: 1222.3761251568794
value: 0.9990143669744702
