hps:
  ff_dim: 16
  lr: 0.0021806680519050477
  n_layers: 1
time: 300.1537802256644
value: 0.049113159073556734
