hps:
  d_ff: 512
  dropout: 0.1
  lr: 0.004394996856746565
time: 133.46862018102547
value: 0.19682637689777638
