em:
  hps:
    nu: 0.6059694651197359
  time: 1230.866371449083
  value: 0.009756565051310676
mv:
  hps:
    nu: 0.0002261761829625341
  time: 870.8503342084587
  value: 3.0467192207110765
