hps:
  d_ff: 256
  dropout: 0
  lr: 0.0003067773426372499
time: 235.79497389000608
value: 0.15651235122662388
