em:
  hps:
    nu: 0.0068039959694470116
  time: 163.34912015098962
  value: 20470203.118004836
mv:
  hps:
    nu: 0.00024801256470539343
  time: 177.05287648300873
  value: 0.0
