hps:
  ff_dim: 8
  lr: 0.001120938510740983
  n_layers: 2
time: 327.04130263626575
value: 0.1432024271907828
