em:
  hps:
    nu: 0.046206647201922225
  time: 1012.3779083960108
  value: 14281.733335658964
mv:
  hps:
    nu: 0.00037845288339177205
  time: 373.4076182699937
  value: 6.223356630640315e-06
