em:
  hps:
    nu: 0.23249712042153392
  time: 1202.9918095770117
  value: 852.798136303703
mv:
  hps:
    nu: 0.9591661812999341
  time: 1305.3641811499838
  value: 3.0141061594474173e-06
