hps:
  nu: 0.011707130438516445
time: 37.383648965507746
value: 0.9996039215686274
