em:
  hps:
    bootstrap: false
    max_features: 0.5
    max_samples: 0.01
    n_estimators: 200
  time: 1307.3362358020095
  value: 103.39114588825785
mv:
  hps:
    bootstrap: false
    max_features: 0.5
    max_samples: 0.01
    n_estimators: 200
  time: 1411.2168458380038
  value: 8.399602935070126e-07
