hps:
  bootstrap: true
  max_features: 1.0
  max_samples: 0.05
  n_estimators: 200
time: 58.1983226389857
value: 0.9005691352427558
