hps:
  d_ff: 256
  dropout: 0
  lr: 1.8492296818024523e-05
time: 303.06857803463936
value: 0.22121260276516508
