hps:
  nu: 0.0002365814213427474
time: 23.2022300735116
value: 0.09255306252312323
