hps:
  epsilon: 0.09934685964093898
  l: 1
time: 191.53557366132736
value: 0.009638137577454242
