hps:
  epsilon: 0.019286165901100865
  l: 1
time: 381.0385088734329
value: 0.07610637397053932
