hps:
  metric: l1
  n_neighbors: 5
time: 10.844784911721945
value: 0.9976524673584964
