hps:
  metric: l2
  n_neighbors: 5
time: 19.269988127052784
value: 0.7890528784642766
