em:
  hps:
    ff_dim: 16
    lr: 0.012840647298748847
    n_layers: 1
  time: 327.91555101424456
  value: 0.03307372152032952
mv:
  hps:
    ff_dim: 8
    lr: 0.00010421627841269633
    n_layers: 2
  time: 360.34911596029997
  value: 1.493849906849209
