em:
  hps:
    nu: 0.49812170985224025
  time: 1281.1656396761537
  value: 15193.143544418528
mv:
  hps:
    nu: 0.43308521922155646
  time: 1341.1495625935495
  value: 8.582017683928428e-05
