em:
  hps:
    bootstrap: true
    max_features: 1.0
    max_samples: 0.02
    n_estimators: 100
  time: 1376.3896298609907
  value: 1.1894990779169757e-05
mv:
  hps:
    bootstrap: true
    max_features: 0.5
    max_samples: 0.05
    n_estimators: 100
  time: 1533.6420828640112
  value: 3053.1384064048084
