hps:
  bootstrap: true
  max_features: 1.0
  max_samples: 0.02
  n_estimators: 200
time: 57.491937547922134
value: 0.04488582238602834
