em:
  hps:
    bootstrap: true
    max_features: 1.0
    max_samples: 0.05
    n_estimators: 200
  time: 1241.4945020340383
  value: 2810.3705215887817
mv:
  hps:
    bootstrap: false
    max_features: 0.5
    max_samples: 0.02
    n_estimators: 400
  time: 1313.6480399481952
  value: 0.0004756794674322008
