hps:
  nu: 0.00010160687803090334
time: 319.22578179463744
value: 0.9683659678738998
