em:
  hps:
    bootstrap: false
    max_features: 1.0
    max_samples: 0.02
    n_estimators: 200
  time: 1233.1023734025657
  value: 0.0008515805845153947
mv:
  hps:
    bootstrap: false
    max_features: 0.5
    max_samples: 0.01
    n_estimators: 200
  time: 1224.4356207437813
  value: 3019.584563193235
