hps:
  bootstrap: true
  max_features: 1.0
  max_samples: 0.01
  n_estimators: 400
time: 66.44517129659653
value: 0.021564769907009396
