hps:
  metric: l2
  n_neighbors: 9
time: 1308.035037342459
value: 0.945209024240006
