hps:
  d_ff: 128
  dropout: 0
  lr: 2.8015851943351672e-05
time: 368.42593725025654
value: 0.047792907650356264
