em:
  hps:
    nu: 0.01630707859751441
  time: 961.8153757527471
  value: 10.036019270714373
mv:
  hps:
    nu: 0.8772508313440746
  time: 1157.8814543411136
  value: 0.004949478954076766
