em:
  hps:
    nu: 0.11061252777409789
  time: 1217.2843766000005
  value: 4.057940279792061
mv:
  hps:
    nu: 0.08335314404985182
  time: 1211.8142668320215
  value: 0.0023155655447892314
