em:
  hps:
    bootstrap: true
    max_features: 0.5
    max_samples: 0.02
    n_estimators: 400
  time: 1450.4541750326753
  value: 95.65142867964535
mv:
  hps:
    bootstrap: false
    max_features: 0.5
    max_samples: 0.02
    n_estimators: 400
  time: 1335.5927591137588
  value: 8.835739976777804e-05
