em:
  hps:
    ff_dim: 32
    lr: 0.00030921625256693364
    n_layers: 2
  time: 304.5940923951566
  value: 28.4506677778115
mv:
  hps:
    ff_dim: 32
    lr: 0.00961634676161746
    n_layers: 1
  time: 313.01624327898026
  value: 0.0018282851614058017
