em:
  hps:
    nu: 0.8569140085310697
  time: 1596.045773293823
  value: 1.6421335428556645
mv:
  hps:
    nu: 0.023320321059412726
  time: 1275.508269496262
  value: 0.01498420828871839
