em:
  hps:
    bootstrap: false
    max_features: 0.7
    max_samples: 0.02
    n_estimators: 400
  time: 1254.084636233747
  value: 1.4676852904361716e-05
mv:
  hps:
    bootstrap: true
    max_features: 0.7
    max_samples: 0.02
    n_estimators: 100
  time: 1152.9644073322415
  value: 3367.4139128432194
