hps:
  bootstrap: true
  max_features: 0.7
  max_samples: 0.01
  n_estimators: 100
time: 49.290389221161604
value: 0.023819063797349882
