hps:
  nu: 0.2615839620563417
time: 878.631566721946
value: 0.0020388053161126685
