em:
  hps:
    nu: 0.00021745024829659802
  time: 755.3023216538131
  value: 1014809.9079240677
mv:
  hps:
    nu: 0.002576713315209831
  time: 567.403937254101
  value: 1.4380326395969744e-06
