em:
  hps:
    nu: 0.0005921654442331727
  time: 438.000500574708
  value: 0.004304206795848445
mv:
  hps:
    nu: 0.003485089924211797
  time: 189.57213693484664
  value: 0.0
