em:
  hps:
    nu: 0.26047118821975834
  time: 1326.2867389954627
  value: 5.670247232513384
mv:
  hps:
    nu: 0.013846457328468429
  time: 1238.933615282178
  value: 0.0004803920727331898
