em:
  hps:
    nu: 0.016441920637491596
  time: 427.1378561370075
  value: 14.87826505208428
mv:
  hps:
    nu: 0.00019206021450910877
  time: 256.58667008951306
  value: 0.00043083178312134133
