em:
  hps:
    bootstrap: true
    max_features: 0.5
    max_samples: 0.05
    n_estimators: 400
  time: 1241.9650307968259
  value: 1.8226531421525157e-05
mv:
  hps:
    bootstrap: true
    max_features: 0.5
    max_samples: 0.05
    n_estimators: 200
  time: 817.3651354201138
  value: 326.3623266833155
