hps:
  d_ff: 512
  dropout: 0.1
  lr: 0.002831699294003478
time: 386.4655480235815
value: 0.019925833442245855
