hps:
  epsilon: 0.010492467067543719
  l: 1
time: 665.8261944577098
value: 0.7035279304029305
