hps:
  epsilon: 0.07836807509582142
  l: 2
time: 45.364482461998705
value: 0.884805584506326
