em:
  hps:
    nu: 0.6764634304049804
  time: 1226.949798654765
  value: 0.004140028634600876
mv:
  hps:
    nu: 0.0004352565660696429
  time: 194.30970015376806
  value: 3.9843580970336836
