hps:
  bootstrap: true
  max_features: 0.5
  max_samples: 0.01
  n_estimators: 100
time: 288.89126759395003
value: 0.718285292569438
