em:
  hps:
    nu: 0.0005038631360533502
  time: 1382.7309300750494
  value: 1.9160923835144255e-05
mv:
  hps:
    nu: 0.6623934691610566
  time: 2093.392618563026
  value: 3088.4803769531245
