hps:
  epsilon: 0.09090178672088234
  l: 5
time: 1170.777877561748
value: 0.0022124458444409134
