em:
  hps:
    nu: 0.00015525153960791724
  time: 2158.423355093022
  value: 3751602861.1567335
mv:
  hps:
    nu: 0.6609819228352259
  time: 1369.15187134
  value: 1.3240450111307033e-11
