em:
  hps:
    ff_dim: 32
    lr: 2.806493655338075e-05
    n_layers: 2
  time: 322.2955615185201
  value: 1.4451899179350587e-05
mv:
  hps:
    ff_dim: 32
    lr: 0.00024138889910505347
    n_layers: 2
  time: 304.12630987912416
  value: 2970.4330331607507
