hps:
  nu: 0.9526721976315777
time: 1258.8493857346475
value: 0.0033408555853208233
