hps:
  bootstrap: true
  max_features: 0.5
  max_samples: 0.01
  n_estimators: 200
time: 59.508558828383684
value: 0.5338854008186814
