em:
  hps:
    nu: 0.946111653312196
  time: 1209.782323949039
  value: 2.285510432572061e-05
mv:
  hps:
    nu: 0.9036431155476641
  time: 1227.080352243036
  value: 253.04810985702838
