hps:
  d_ff: 512
  dropout: 0.1
  lr: 3.677955206329609e-05
time: 310.2728462219238
value: 0.026297795723061124
