hps:
  epsilon: 0.010441477394891882
  l: 3
time: 369.60373310372233
value: 0.5729306098768288
