hps:
  nu: 0.05687659953982463
time: 262.9322110451758
value: 0.009009483944731556
