hps:
  nu: 0.9964950600496298
time: 97.61752184852958
value: 0.8758742314448835
