hps:
  ff_dim: 16
  lr: 0.032716444479203
  n_layers: 1
time: 276.91465364024043
value: 0.004238194041866095
