hps:
  metric: l1
  n_neighbors: 5
time: 24.46089854091406
value: 0.15753370610508077
