hps:
  ff_dim: 16
  lr: 0.029579404010541776
  n_layers: 2
time: 303.9189862497151
value: 0.003309293093202381
