hps:
  epsilon: 0.05637936252569634
  l: 1
time: 189.52715314552188
value: 0.7342801784782157
