hps:
  nu: 0.000378288601501098
time: 28.68055229599122
value: 0.07749909433676705
