em:
  hps:
    bootstrap: false
    max_features: 0.5
    max_samples: 0.02
    n_estimators: 200
  time: 1227.5408612499887
  value: 43.310659485745155
mv:
  hps:
    bootstrap: true
    max_features: 0.7
    max_samples: 0.01
    n_estimators: 200
  time: 1208.3844649899984
  value: 0.012117470443565207
