hps:
  bootstrap: false
  max_features: 0.5
  max_samples: 0.01
  n_estimators: 200
time: 194.60982562601566
value: 0.02716370838141402
