em:
  hps:
    nu: 0.012890036746075315
  time: 761.1532849594951
  value: 0.00010957509189216266
mv:
  hps:
    nu: 0.007299676800126843
  time: 406.75540739297867
  value: 1925.5261271782429
