hps:
  ff_dim: 32
  lr: 0.0030366002664289795
  n_layers: 1
time: 307.51461769640446
value: 0.9249714093132781
