hps:
  ff_dim: 32
  lr: 0.00017995705430764233
  n_layers: 2
time: 219.8473301678896
value: 0.05936159873946867
