hps:
  nu: 0.1092755833230294
time: 186.72438567876816
value: 0.00504862080304358
