hps:
  nu: 0.007546085837893331
time: 293.2968252263963
value: 0.8714323502326395
