hps:
  ff_dim: 8
  lr: 0.0023410863499877185
  n_layers: 2
time: 304.01869047805667
value: 0.033789946827286865
