em:
  hps:
    bootstrap: false
    max_features: 1.0
    max_samples: 0.02
    n_estimators: 100
  time: 1570.077296606003
  value: 21.169907006494835
mv:
  hps:
    bootstrap: true
    max_features: 0.7
    max_samples: 0.02
    n_estimators: 400
  time: 1548.9136850049836
  value: 0.002346026290227644
