em:
  hps:
    nu: 0.9323102269812081
  time: 1217.2100900188088
  value: 4549542620.517748
mv:
  hps:
    nu: 0.32404923012260894
  time: 1221.4830475226045
  value: 3.6265655814617383e-10
