em:
  hps:
    bootstrap: true
    max_features: 1.0
    max_samples: 0.05
    n_estimators: 200
  time: 1154.4134526364505
  value: 24.351045639959807
mv:
  hps:
    bootstrap: false
    max_features: 0.7
    max_samples: 0.01
    n_estimators: 100
  time: 1065.7988100275397
  value: 0.004126148208975789
