hps:
  nu: 0.14924167563501123
time: 315.9949862957001
value: 0.013209914485739382
