hps:
  bootstrap: false
  max_features: 0.5
  max_samples: 0.05
  n_estimators: 400
time: 397.6043722970062
value: 0.5103324106075372
