hps:
  epsilon: 0.03459206022649455
  l: 3
time: 46.2633162640268
value: 0.8760219094236948
