em:
  hps:
    nu: 0.18115990764055423
  time: 400.93666774901794
  value: 170708257.8531443
mv:
  hps:
    nu: 0.981001047023027
  time: 1097.4409995660244
  value: 1.1568282683419135e-08
