em:
  hps:
    nu: 0.0004726299339945942
  time: 1286.2331444583833
  value: 0.004173949282895266
mv:
  hps:
    nu: 0.9460023204886093
  time: 1878.2083158493042
  value: 11.89323414237573
