em:
  hps:
    bootstrap: false
    max_features: 1.0
    max_samples: 0.01
    n_estimators: 200
  time: 1073.9095891920151
  value: 0.017575399367668713
mv:
  hps:
    bootstrap: false
    max_features: 0.5
    max_samples: 0.01
    n_estimators: 100
  time: 1205.583097945986
  value: 2.641603131929675
