hps:
  bootstrap: true
  max_features: 1.0
  max_samples: 0.01
  n_estimators: 100
time: 39.75880753598176
value: 0.258735124618107
