hps:
  metric: l1
  n_neighbors: 5
time: 34.40223811304895
value: 0.2578410786026869
