hps:
  epsilon: 0.016958985171791605
  l: 5
time: 728.7387992441654
value: 0.09572303611905553
