hps:
  bootstrap: true
  max_features: 0.7
  max_samples: 0.01
  n_estimators: 400
time: 58.00038975849748
value: 0.9433772092922263
