hps:
  epsilon: 0.01667016846825615
  l: 4
time: 190.27725931629539
value: 0.9416666666666667
