em:
  hps:
    nu: 0.0002914457136382566
  time: 427.0862092934549
  value: 0.003568493734223157
mv:
  hps:
    nu: 0.0009703651368697181
  time: 428.4946207627654
  value: 13.420374919372536
