em:
  hps:
    nu: 0.00031988638939690764
  time: 2830.3707883916795
  value: 97.40493515424146
mv:
  hps:
    nu: 0.0011395234609860836
  time: 2497.355374440551
  value: 2.2031660905973062e-05
