hps:
  ff_dim: 16
  lr: 3.102372356665433e-05
  n_layers: 2
time: 311.0598909072578
value: 0.0019873867946832435
