em:
  hps:
    ff_dim: 32
    lr: 1.2651368562752239e-05
    n_layers: 1
  time: 348.1475639641285
  value: 18.46330028317672
mv:
  hps:
    ff_dim: 8
    lr: 4.362715056087202e-05
    n_layers: 2
  time: 301.95590752363205
  value: 0.004949478954076766
