hps:
  d_ff: 128
  dropout: 0.1
  lr: 0.0002620995950152372
time: 311.89510199800134
value: 0.006939764719313568
