hps:
  epsilon: 0.01993464250276513
  l: 1
time: 96.26672948151827
value: 0.6956709646474764
