hps:
  ff_dim: 16
  lr: 0.035690857593918296
  n_layers: 2
time: 269.17008608800825
value: 0.911012987587892
