em:
  hps:
    bootstrap: false
    max_features: 1.0
    max_samples: 0.05
    n_estimators: 400
  time: 1567.521501276642
  value: 0.0003035573055471559
mv:
  hps:
    bootstrap: false
    max_features: 0.5
    max_samples: 0.01
    n_estimators: 100
  time: 4764.1039632335305
  value: 2344.952204888476
