em:
  hps:
    ff_dim: 16
    lr: 5.422416023712496e-05
    n_layers: 1
  time: 321.47891340599745
  value: 16732478222.788958
mv:
  hps:
    ff_dim: 32
    lr: 0.0012208862276014759
    n_layers: 1
  time: 313.7142805560143
  value: 1.7388879057042168e-10
