em:
  hps:
    nu: 0.9849100627360012
  time: 1243.2190696112812
  value: 2.2619005204935138e-05
mv:
  hps:
    nu: 0.31975531379606814
  time: 1215.7141911797225
  value: 249.6828749933665
