em:
  hps:
    nu: 0.00030982529243307386
  time: 1479.395854730159
  value: 97.22319463538257
mv:
  hps:
    nu: 0.013421487737664616
  time: 1205.7999077886343
  value: 2.3126563124769307e-05
