em:
  hps:
    nu: 0.001896411763253547
  time: 1263.4859283007681
  value: 1.6628345767470574e-05
mv:
  hps:
    nu: 0.015317188132646832
  time: 1265.3642908483744
  value: 3197.898907269464
