em:
  hps:
    ff_dim: 8
    lr: 0.0617782892868012
    n_layers: 1
  time: 308.6420689410006
  value: 32548386339.390564
mv:
  hps:
    ff_dim: 32
    lr: 0.05021648176392849
    n_layers: 1
  time: 330.8305770220177
  value: 0.0
