hps:
  bootstrap: false
  max_features: 0.5
  max_samples: 0.05
  n_estimators: 200
time: 257.32709615305066
value: 0.009014504721046812
