hps:
  ff_dim: 16
  lr: 0.07128748009799302
  n_layers: 1
time: 301.9740741630085
value: 0.8069438528027899
