hps:
  epsilon: 0.0803429572285314
  l: 5
time: 44.94173396797851
value: 0.21974588072178802
