hps:
  epsilon: 0.04641543256862284
  l: 2
time: 190.73304642364383
value: 0.9803075396825398
