em:
  hps:
    ff_dim: 32
    lr: 4.084909279099853e-05
    n_layers: 2
  time: 332.7452332191169
  value: 0.0009933342788374492
mv:
  hps:
    ff_dim: 16
    lr: 0.021552105696064177
    n_layers: 2
  time: 375.2337353080511
  value: 2574.970664062499
