hps:
  nu: 0.00020830653994806446
time: 34.64008780941367
value: 0.0037228458506385342
