em:
  hps:
    nu: 0.0006064395151839198
  time: 1238.0868696048856
  value: 1.075754267855081
mv:
  hps:
    nu: 0.0005556725894605956
  time: 725.6277576126158
  value: 0.012881584672101836
