em:
  hps:
    bootstrap: true
    max_features: 1.0
    max_samples: 0.05
    n_estimators: 100
  time: 1229.9096194282174
  value: 1.757416777632825e-05
mv:
  hps:
    bootstrap: false
    max_features: 0.5
    max_samples: 0.05
    n_estimators: 400
  time: 1035.9809901081026
  value: 319.5722424165724
