em:
  hps:
    nu: 0.09143171383750001
  time: 1221.3814216032624
  value: 1.955117220587644e-05
mv:
  hps:
    nu: 0.1986515520831271
  time: 1235.376183629036
  value: 305.8551662415841
