em:
  hps:
    nu: 0.24914383219779768
  time: 1274.3353952094913
  value: 2.7586905564572368e-05
mv:
  hps:
    nu: 0.0010207041894477803
  time: 646.0720253139734
  value: 1766.684725269353
