hps:
  d_ff: 256
  dropout: 0
  lr: 3.479613663507587e-05
time: 300.02216939098435
value: 0.14019026436700222
