hps:
  d_ff: 128
  dropout: 0
  lr: 5.099936146492169e-05
time: 432.49120857939124
value: 0.017957618998424962
