em:
  hps:
    bootstrap: false
    max_features: 1.0
    max_samples: 0.05
    n_estimators: 200
  time: 1432.4969621780037
  value: 103.70321905260408
mv:
  hps:
    bootstrap: false
    max_features: 1.0
    max_samples: 0.05
    n_estimators: 200
  time: 1389.1260615320061
  value: 0.0
