em:
  hps:
    nu: 0.05206706697267326
  time: 2793.7292985819804
  value: 196.5987272795058
mv:
  hps:
    nu: 0.3097727088643417
  time: 1772.488420757989
  value: 2.5108738582676305e-09
