em:
  hps:
    nu: 0.024715859538768998
  time: 1208.092673752457
  value: 4.835411716332842
mv:
  hps:
    nu: 0.005390989928252385
  time: 1743.9634158425033
  value: 0.0015153178831606945
