hps:
  ff_dim: 32
  lr: 0.011811302043849364
  n_layers: 1
time: 324.1621178686619
value: 0.046153677088328515
