em:
  hps:
    nu: 0.00042084430074296436
  time: 1069.0103207752109
  value: 1.7115183802289304e-05
mv:
  hps:
    nu: 0.0025367303502158234
  time: 583.5476650372148
  value: 2828.683733169163
