em:
  hps:
    nu: 0.004925064779118805
  time: 605.7130624763668
  value: 350959.75939721527
mv:
  hps:
    nu: 0.43466244914906416
  time: 1332.267131049186
  value: 1.4720485177123545e-06
