em:
  hps:
    nu: 0.2514927281838206
  time: 1213.0570546798408
  value: 1.9981076529318953
mv:
  hps:
    nu: 0.00023123766140253503
  time: 524.4428747445345
  value: 0.10376148723192696
