em:
  hps:
    nu: 0.8649395879158509
  time: 1218.718857077998
  value: 3710.387660283607
mv:
  hps:
    nu: 0.05484634001171829
  time: 1226.5551725809928
  value: 0.0006648274949940377
