em:
  hps:
    bootstrap: true
    max_features: 1.0
    max_samples: 0.05
    n_estimators: 400
  time: 1497.6880472563207
  value: 2.2137314838319144e-05
mv:
  hps:
    bootstrap: false
    max_features: 1.0
    max_samples: 0.01
    n_estimators: 400
  time: 1347.2583521455526
  value: 2390.4097207031245
