hps:
  d_ff: 512
  dropout: 0.1
  lr: 0.00012420841121627964
time: 306.16355511173606
value: 0.3854159947465079
