em:
  hps:
    bootstrap: true
    max_features: 1.0
    max_samples: 0.05
    n_estimators: 400
  time: 1212.966072898358
  value: 1.7433590952188037e-05
mv:
  hps:
    bootstrap: false
    max_features: 0.5
    max_samples: 0.05
    n_estimators: 200
  time: 964.1109836883843
  value: 321.9122607720939
