em:
  hps:
    bootstrap: true
    max_features: 0.5
    max_samples: 0.01
    n_estimators: 400
  time: 1470.26222377643
  value: 96.5406793912759
mv:
  hps:
    bootstrap: true
    max_features: 0.5
    max_samples: 0.02
    n_estimators: 400
  time: 1288.9140248261392
  value: 3.975329661932515e-05
