hps:
  epsilon: 0.010366611427182124
  l: 5
time: 755.8441983498633
value: 0.8943913451718359
