em:
  hps:
    nu: 0.022140276519201467
  time: 988.5963721424341
  value: 3.326068900296243e-05
mv:
  hps:
    nu: 0.00784992428906213
  time: 956.8638016171753
  value: 1501.9050122612714
