hps:
  metric: l2
  n_neighbors: 5
time: 59.00189186260104
value: 0.9999999999999999
