em:
  hps:
    ff_dim: 8
    lr: 0.0001023540395978302
    n_layers: 2
  time: 350.8395998440683
  value: 3.804123969388055e-05
mv:
  hps:
    ff_dim: 8
    lr: 0.001575510548869849
    n_layers: 2
  time: 306.52485851198435
  value: 2818.823712890624
