hps:
  metric: l1
  n_neighbors: 5
time: 77.84108230099082
value: 0.0031468448196146914
