em:
  hps:
    ff_dim: 8
    lr: 0.00011938098671529176
    n_layers: 1
  time: 356.88823033869267
  value: 49508622.65553415
mv:
  hps:
    ff_dim: 8
    lr: 1.1668351199442362e-05
    n_layers: 1
  time: 328.3464920222759
  value: 1.0034956146043325e-09
