em:
  hps:
    ff_dim: 32
    lr: 1.612996588592695e-05
    n_layers: 2
  time: 349.5695978663862
  value: 0.8287767564195431
mv:
  hps:
    ff_dim: 32
    lr: 0.0019926510095362557
    n_layers: 2
  time: 302.5147650837898
  value: 1.5768192672729486
