hps:
  epsilon: 0.09955945378392
  l: 2
time: 22.873729745973833
value: 0.9673816355220284
