hps:
  ff_dim: 8
  lr: 2.286058366887743e-05
  n_layers: 2
time: 202.52934089896735
value: 0.18037457731928785
