hps:
  nu: 0.0009781761363699174
time: 8.96182980388403
value: 0.04516278186303235
