hps:
  ff_dim: 32
  lr: 0.028303068361043467
  n_layers: 1
time: 169.30702055990696
value: 0.0033475303715750915
