hps:
  nu: 0.0010678663143480534
time: 33.23462147265673
value: 0.012977780366765335
