em:
  hps:
    nu: 0.00018714019616946755
  time: 1182.7126176692545
  value: 401373.7033433105
mv:
  hps:
    nu: 0.06766128311419607
  time: 1243.9391973391175
  value: 1.2377912480587836e-07
