hps:
  nu: 0.2937627165327886
time: 317.7245804518461
value: 0.005049397290434077
