hps:
  d_ff: 512
  dropout: 0.1
  lr: 1.9705191863469257e-05
time: 260.88999892771244
value: 0.006095167967498316
