hps:
  bootstrap: false
  max_features: 0.5
  max_samples: 0.02
  n_estimators: 400
time: 309.72800704836845
value: 0.009951666673495785
