hps:
  d_ff: 256
  dropout: 0
  lr: 0.00010989030427481234
time: 312.10028599202633
value: 0.34225838896789484
