hps:
  nu: 0.31178015703804046
time: 50.11857110634446
value: 0.6776344126632055
