hps:
  epsilon: 0.09964593271420259
  l: 1
time: 707.4325097501278
value: 0.005557497718515547
