em:
  hps:
    nu: 0.0002106029438445641
  time: 474.34716233611107
  value: 0.978996264101545
mv:
  hps:
    nu: 0.00014019448920709278
  time: 300.81882257014513
  value: 0.08464786807498591
