em:
  hps:
    nu: 0.6139238098031409
  time: 1536.0099293626845
  value: 3.8902530955632786
mv:
  hps:
    nu: 0.1601004611728664
  time: 1725.732928339392
  value: 0.0014922194078854402
