em:
  hps:
    nu: 0.911074013024955
  time: 1343.3942728117108
  value: 1.4306135252463947
mv:
  hps:
    nu: 0.00889243100867677
  time: 1584.8685631081462
  value: 0.009714150904858204
