em:
  hps:
    nu: 0.9893816723999003
  time: 1292.5392819419503
  value: 2.3090754943618525e-05
mv:
  hps:
    nu: 0.43357851851760454
  time: 1239.0358138792217
  value: 254.69362016856005
