em:
  hps:
    nu: 0.40122373981554604
  time: 1678.7534125230159
  value: 2.827421526087435
mv:
  hps:
    nu: 0.6599549989432342
  time: 1401.0304814950214
  value: 0.01865925591991295
