hps:
  d_ff: 128
  dropout: 0
  lr: 0.0017364854017427143
time: 406.04015062749386
value: 0.015461627308354098
