hps:
  ff_dim: 16
  lr: 0.00011801155851998449
  n_layers: 2
time: 305.2530909255147
value: 0.9995115405260333
