hps:
  ff_dim: 8
  lr: 0.02304354818512676
  n_layers: 2
time: 301.5554870888591
value: 0.03503554065689218
