em:
  hps:
    nu: 0.0014292755219267037
  time: 274.1348237134516
  value: 1708.3759664532176
mv:
  hps:
    nu: 0.00010896971985524476
  time: 181.3831831626594
  value: 0.00021555762594206528
