em:
  hps:
    nu: 0.9359797126698591
  time: 526.858987124986
  value: 1588254.1408505049
mv:
  hps:
    nu: 0.01172772896525388
  time: 104.14803780298098
  value: 5.69012465106183e-07
