em:
  hps:
    ff_dim: 16
    lr: 0.00045607891403735883
    n_layers: 2
  time: 430.00838036462665
  value: 2.270548893225614e-05
mv:
  hps:
    ff_dim: 8
    lr: 0.001755733069487219
    n_layers: 1
  time: 306.40853705629706
  value: 3437.7459960937495
