em:
  hps:
    bootstrap: false
    max_features: 1.0
    max_samples: 0.05
    n_estimators: 400
  time: 1098.0653284750879
  value: 27584.549902008923
mv:
  hps:
    bootstrap: false
    max_features: 1.0
    max_samples: 0.05
    n_estimators: 400
  time: 914.971927266568
  value: 0.00022083062890868076
