hps:
  nu: 0.04689514364669093
time: 24.46942238509655
value: 0.013198636634269345
