hps:
  bootstrap: true
  max_features: 0.5
  max_samples: 0.01
  n_estimators: 100
time: 73.44725809246302
value: 0.0026935555306539793
