em:
  hps:
    bootstrap: true
    max_features: 1.0
    max_samples: 0.05
    n_estimators: 100
  time: 1215.3617146648467
  value: 286.3524401183138
mv:
  hps:
    bootstrap: true
    max_features: 1.0
    max_samples: 0.01
    n_estimators: 400
  time: 1195.7678791806102
  value: 0.0002460880754515529
