hps:
  nu: 0.0001691438128112404
time: 15.830553587526083
value: 0.029720596564475232
