em:
  hps:
    nu: 0.952876520279847
  time: 1237.181631129235
  value: 2258.774932575307
mv:
  hps:
    nu: 0.0811283827588857
  time: 1104.5247223004699
  value: 1.1381519888733489e-05
