hps:
  ff_dim: 8
  lr: 1.825568085595679e-05
  n_layers: 2
time: 300.56190272048116
value: 0.022446957285312985
