hps:
  bootstrap: true
  max_features: 0.7
  max_samples: 0.01
  n_estimators: 100
time: 38.8157634884119
value: 0.02320425326984399
