em:
  hps:
    nu: 0.0018271894716235973
  time: 1210.8300757445395
  value: 1001013.7114753887
mv:
  hps:
    nu: 0.00010822007864650182
  time: 1212.1471526771784
  value: 4.9631373826741756e-08
