hps:
  epsilon: 0.019745002751244564
  l: 1
time: 572.0726400874555
value: 0.7249032487837115
