em:
  hps:
    ff_dim: 8
    lr: 0.001793587131226628
    n_layers: 1
  time: 503.91653913399205
  value: 1.637512111889587e-05
mv:
  hps:
    ff_dim: 8
    lr: 3.905197674339915e-05
    n_layers: 1
  time: 359.6290474680136
  value: 2395.7129882812496
