em:
  hps:
    nu: 0.034877959169263284
  time: 895.6712216958404
  value: 8531.730840461481
mv:
  hps:
    nu: 0.005667213769324981
  time: 365.4106249026954
  value: 5.822150847961893e-06
