hps:
  nu: 0.00012695596997947358
time: 173.6055774204433
value: 0.9396687294876532
