hps:
  epsilon: 0.09784728055968778
  l: 1
time: 25.59420885099098
value: 0.8485090522141631
