hps:
  d_ff: 256
  dropout: 0
  lr: 0.00011685995118975199
time: 305.1446029540384
value: 0.18837109227418158
