hps:
  epsilon: 0.011836336620916307
  l: 1
time: 171.1556000560522
value: 0.4044506879858397
