em:
  hps:
    bootstrap: false
    max_features: 0.7
    max_samples: 0.01
    n_estimators: 200
  time: 1166.7722262255847
  value: 0.5882061319416256
mv:
  hps:
    bootstrap: true
    max_features: 0.5
    max_samples: 0.01
    n_estimators: 400
  time: 827.9711076058447
  value: 0.08469024378061293
