em:
  hps:
    bootstrap: false
    max_features: 1.0
    max_samples: 0.05
    n_estimators: 100
  time: 1259.912642993033
  value: 3558.6003228965924
mv:
  hps:
    bootstrap: true
    max_features: 1.0
    max_samples: 0.02
    n_estimators: 400
  time: 1225.3848822638392
  value: 3.169535065535455e-05
