em:
  hps:
    bootstrap: true
    max_features: 0.7
    max_samples: 0.02
    n_estimators: 200
  time: 1209.5161179602146
  value: 0.17805990469326438
mv:
  hps:
    bootstrap: true
    max_features: 1.0
    max_samples: 0.01
    n_estimators: 200
  time: 1203.5978817157447
  value: 0.2790204813480377
