em:
  hps:
    ff_dim: 8
    lr: 7.955629659980103e-05
    n_layers: 1
  time: 425.6092530488968
  value: 13.855051390064013
mv:
  hps:
    ff_dim: 16
    lr: 0.01383433798329388
    n_layers: 1
  time: 306.63194807618856
  value: 0.2790204813480377
