em:
  hps:
    ff_dim: 16
    lr: 0.0043445299474929346
    n_layers: 2
  time: 398.2607443071902
  value: 401373.7033433105
mv:
  hps:
    ff_dim: 16
    lr: 0.00018160019144696567
    n_layers: 1
  time: 412.1909365877509
  value: 1.2377912480587836e-07
