hps:
  d_ff: 512
  dropout: 0
  lr: 0.0004893193823002337
time: 304.45236548036337
value: 0.009468457236094019
