em:
  hps:
    nu: 0.16451758439435268
  time: 1549.9859512670082
  value: 0.0018064616482662097
mv:
  hps:
    nu: 0.0089452533350112
  time: 1219.8634224889975
  value: 441.32931435591576
