hps:
  metric: l1
  n_neighbors: 9
time: 660.1264001466334
value: 0.3612998021929502
