em:
  hps:
    bootstrap: true
    max_features: 1.0
    max_samples: 0.01
    n_estimators: 200
  time: 1224.8155614584684
  value: 7891.211636003882
mv:
  hps:
    bootstrap: false
    max_features: 0.5
    max_samples: 0.05
    n_estimators: 200
  time: 1216.4973374307156
  value: 6.295808299910276e-06
