em:
  hps:
    nu: 0.025774188022718532
  time: 785.1317930009973
  value: 278.1221921307665
mv:
  hps:
    nu: 0.0001433351638905036
  time: 364.2497325580043
  value: 0.0012872542112873327
