em:
  hps:
    nu: 0.6791488352403909
  time: 1767.8399111970211
  value: 1213.1967703740186
mv:
  hps:
    nu: 0.6043952538464088
  time: 1724.0368823749886
  value: 3.1919504495362677e-07
