hps:
  nu: 0.001125894871339841
time: 10.30110789835453
value: 0.7239364351552382
