em:
  hps:
    nu: 0.9918091217933898
  time: 1245.7307405211031
  value: 2.325453674530121e-05
mv:
  hps:
    nu: 0.7460452810351197
  time: 1236.5795477591455
  value: 253.93434150775238
