hps:
  bootstrap: true
  max_features: 1.0
  max_samples: 0.05
  n_estimators: 400
time: 99.62978380918503
value: 0.05903506259317559
