em:
  hps:
    ff_dim: 16
    lr: 1.2873892886467315e-05
    n_layers: 2
  time: 301.06919617499807
  value: 16578206.126558682
mv:
  hps:
    ff_dim: 32
    lr: 0.0007689198644450386
    n_layers: 2
  time: 308.592380268994
  value: 5.968690097688521e-07
