hps:
  ff_dim: 16
  lr: 0.0008104845655200347
  n_layers: 2
time: 331.183150857687
value: 0.003832208994590247
