hps:
  ff_dim: 8
  lr: 0.08021740222847176
  n_layers: 1
time: 235.3490310810157
value: 0.12360144604286405
