em:
  hps:
    ff_dim: 32
    lr: 8.26045882545089e-05
    n_layers: 2
  time: 326.2154930040124
  value: 17541.30115927565
mv:
  hps:
    ff_dim: 16
    lr: 0.002396967241192173
    n_layers: 1
  time: 196.54697165099788
  value: 1.9488145684590555e-05
