em:
  hps:
    nu: 0.005029462168696169
  time: 351.03069281578064
  value: 2.5602596975159867e-05
mv:
  hps:
    nu: 0.0007711633184446091
  time: 269.68253496289253
  value: 1864.5921678136206
