em:
  hps:
    bootstrap: true
    max_features: 1.0
    max_samples: 0.05
    n_estimators: 400
  time: 1213.2850804291666
  value: 0.005106183132534581
mv:
  hps:
    bootstrap: true
    max_features: 0.5
    max_samples: 0.05
    n_estimators: 100
  time: 907.2009599655867
  value: 176.72252853235892
