em:
  hps:
    ff_dim: 8
    lr: 0.0015007098768216767
    n_layers: 2
  time: 379.1877880394459
  value: 1.334314032094317e-05
mv:
  hps:
    ff_dim: 32
    lr: 1.3408935110895399e-05
    n_layers: 1
  time: 314.9929669126868
  value: 3634.7171975504407
