em:
  hps:
    bootstrap: false
    max_features: 1.0
    max_samples: 0.01
    n_estimators: 100
  time: 570.254178009025
  value: 0.0004100675034014768
mv:
  hps:
    bootstrap: false
    max_features: 0.7
    max_samples: 0.05
    n_estimators: 400
  time: 1218.0016727549955
  value: 23.867535853038827
