em:
  hps:
    nu: 0.00010681424692388021
  time: 629.3886989317834
  value: 2.0412820274869473e-05
mv:
  hps:
    nu: 0.09278554750116998
  time: 960.3246242925525
  value: 2515.6416297108813
