em:
  hps:
    ff_dim: 16
    lr: 0.011215861859803472
    n_layers: 2
  time: 344.57135201618075
  value: 1.5112758319920074e-05
mv:
  hps:
    ff_dim: 8
    lr: 0.00028806186336264596
    n_layers: 1
  time: 403.2065936848521
  value: 2385.1472568978716
