em:
  hps:
    nu: 0.0013121072707102475
  time: 1205.6436395309865
  value: 1.691371180811142e-05
mv:
  hps:
    nu: 0.00018617452890312081
  time: 911.3637886270881
  value: 3326.652914062499
