em:
  hps:
    bootstrap: true
    max_features: 0.5
    max_samples: 0.05
    n_estimators: 400
  time: 1220.3516696259903
  value: 84.22063426880295
mv:
  hps:
    bootstrap: true
    max_features: 1.0
    max_samples: 0.01
    n_estimators: 400
  time: 1200.5303372850176
  value: 0.03990835709657649
