hps:
  d_ff: 256
  dropout: 0.1
  lr: 0.0002429724573310843
time: 300.1042739760014
value: 0.3333549458162337
