hps:
  d_ff: 128
  dropout: 0
  lr: 5.554956768533888e-05
time: 300.0566860474646
value: 0.3619597069597069
