hps:
  d_ff: 256
  dropout: 0.1
  lr: 0.00018059628240699478
time: 304.2126867361367
value: 0.014802831993470322
