hps:
  bootstrap: false
  max_features: 0.5
  max_samples: 0.05
  n_estimators: 100
time: 30.239953232987318
value: 0.16911962721578366
