hps:
  nu: 0.7701729787627619
time: 85.5637918561697
value: 0.016611294544654043
