hps:
  ff_dim: 16
  lr: 0.00017386369180552217
  n_layers: 1
time: 170.77935208007693
value: 0.014410198889909909
