hps:
  ff_dim: 16
  lr: 1.0470729029036251e-05
  n_layers: 2
time: 314.4213431850076
value: 0.009271921785905968
