em:
  hps:
    nu: 0.37121616720596035
  time: 1445.807867538184
  value: 2.244180521548737e-05
mv:
  hps:
    nu: 0.309206547937567
  time: 1638.2461373992264
  value: 272.0463402908316
