hps:
  ff_dim: 32
  lr: 0.0005628627631342867
  n_layers: 2
time: 300.3840503580868
value: 0.010912344495580983
