em:
  hps:
    nu: 0.0002718079078926161
  time: 901.4727169461548
  value: 1.332850661799443e-05
mv:
  hps:
    nu: 0.04782128374997693
  time: 1276.1699148491025
  value: 4189.400853514415
