hps:
  ff_dim: 8
  lr: 0.016122592137792807
  n_layers: 1
time: 301.0692263804376
value: 0.36009147893338755
