hps:
  epsilon: 0.02043451715238241
  l: 1
time: 321.15277529880404
value: 0.022428284552940214
