em:
  hps:
    ff_dim: 16
    lr: 2.5768437586884074e-05
    n_layers: 1
  time: 331.9434225000441
  value: 5426.169103604736
mv:
  hps:
    ff_dim: 16
    lr: 0.007971532615842188
    n_layers: 2
  time: 302.6187317073345
  value: 0.0002460880754515529
