em:
  hps:
    bootstrap: false
    max_features: 0.7
    max_samples: 0.05
    n_estimators: 400
  time: 1265.726586446166
  value: 0.0006954900029257217
mv:
  hps:
    bootstrap: true
    max_features: 0.7
    max_samples: 0.01
    n_estimators: 400
  time: 1388.6140108667314
  value: 2594.853623812159
