hps:
  d_ff: 128
  dropout: 0
  lr: 5.347959182725105e-05
time: 303.43759444798343
value: 0.0994832488134414
