em:
  hps:
    bootstrap: false
    max_features: 0.7
    max_samples: 0.05
    n_estimators: 400
  time: 954.0637230169959
  value: 12381168959.134272
mv:
  hps:
    bootstrap: true
    max_features: 1.0
    max_samples: 0.01
    n_estimators: 400
  time: 751.8680476149893
  value: 1.9139337990268712e-10
