em:
  hps:
    nu: 0.5773576435010636
  time: 900.6664339880226
  value: 41.37164559657596
mv:
  hps:
    nu: 0.01528381438334283
  time: 128.99253241199767
  value: 0.00026733267258105645
