em:
  hps:
    bootstrap: false
    max_features: 1.0
    max_samples: 0.02
    n_estimators: 200
  time: 962.579087088001
  value: 38193.27131562903
mv:
  hps:
    bootstrap: true
    max_features: 1.0
    max_samples: 0.05
    n_estimators: 100
  time: 887.6137880040042
  value: 7.241662861064088e-05
