em:
  hps:
    nu: 0.11606821308468279
  time: 1280.957404062152
  value: 0.16941529810116152
mv:
  hps:
    nu: 0.01096856528285401
  time: 1248.6401217579842
  value: 0.2790534178460043
