hps:
  ff_dim: 8
  lr: 0.0006155344281753163
  n_layers: 2
time: 188.4705630359822
value: 0.7405465942230062
