hps:
  metric: l2
  n_neighbors: 5
time: 1252.591750100255
value: 0.8004101286610219
