em:
  hps:
    nu: 0.27153417339901753
  time: 1292.080879703164
  value: 2.3741804437066454e-05
mv:
  hps:
    nu: 0.10233901146285249
  time: 1437.7188993357122
  value: 254.43494318077256
