hps:
  nu: 0.0008735076501007467
time: 8.122100986540318
value: 0.26803188454396876
