em:
  hps:
    nu: 0.989456359856913
  time: 896.1069529310043
  value: 2546.9730740551786
mv:
  hps:
    nu: 0.00010551821403098135
  time: 637.8528095289948
  value: 1.9488145684590555e-05
