em:
  hps:
    nu: 0.38800947407248965
  time: 395.9611980430782
  value: 644.4554221775852
mv:
  hps:
    nu: 0.16064808410261996
  time: 305.37763722240925
  value: 0.0026073324021203353
