hps:
  epsilon: 0.02443414729306078
  l: 2
time: 186.0640430226922
value: 0.9461181140966055
