em:
  hps:
    nu: 0.7616782034940626
  time: 1335.0936809910054
  value: 99.4665651815187
mv:
  hps:
    nu: 0.8310179796617727
  time: 1457.6270247850043
  value: 4.2869297538216645e-05
