hps:
  nu: 0.6320311486030362
time: 44.90941230207682
value: 0.07791442748126465
