em:
  hps:
    bootstrap: true
    max_features: 0.7
    max_samples: 0.02
    n_estimators: 400
  time: 1254.3929725177586
  value: 1.3947589571017329e-05
mv:
  hps:
    bootstrap: false
    max_features: 0.5
    max_samples: 0.02
    n_estimators: 100
  time: 1247.453150190413
  value: 3528.3453859079577
