hps:
  ff_dim: 8
  lr: 0.0003144905300011821
  n_layers: 2
time: 335.200400280999
value: 0.8333534352143606
