em:
  hps:
    nu: 0.0016667959096842832
  time: 1272.5590950709884
  value: 3.062075167261879e-05
mv:
  hps:
    nu: 0.00011909072205450457
  time: 1258.6357696310151
  value: 150.63950777003623
