em:
  hps:
    nu: 0.05747603658206169
  time: 1367.2423845082521
  value: 2.2083452162688065e-05
mv:
  hps:
    nu: 0.00014499701447629045
  time: 606.9578018002212
  value: 2375.4569565045113
