hps:
  d_ff: 128
  dropout: 0
  lr: 0.00019037849661522046
time: 560.3457791022956
value: 0.07116808904337801
