em:
  hps:
    nu: 0.587839623996238
  time: 1234.9378637224436
  value: 3980412.464706835
mv:
  hps:
    nu: 0.8944649615854288
  time: 1221.7379591166973
  value: 3.0222819098821653e-07
