hps:
  d_ff: 256
  dropout: 0.1
  lr: 0.000298695277320286
time: 322.7090050429106
value: 0.008828198694674438
