hps:
  ff_dim: 32
  lr: 0.09663687817852132
  n_layers: 2
time: 309.4253945313394
value: 0.0035064692514051865
