hps:
  metric: l2
  n_neighbors: 15
time: 33.37530652061105
value: 0.024411366426147274
