em:
  hps:
    bootstrap: true
    max_features: 0.7
    max_samples: 0.05
    n_estimators: 400
  time: 1837.2633685850014
  value: 12.24416712382084
mv:
  hps:
    bootstrap: false
    max_features: 0.5
    max_samples: 0.01
    n_estimators: 400
  time: 1600.8361183230008
  value: 0.004405281902566101
