em:
  hps:
    nu: 0.08225604689169697
  time: 290.92244261401356
  value: 0.012630723182756496
mv:
  hps:
    nu: 0.10652689396821811
  time: 329.6955224509875
  value: 0.305646306791025
