em:
  hps:
    nu: 0.009925825502133724
  time: 2012.123455710709
  value: 95.2514840852364
mv:
  hps:
    nu: 0.02522569261722827
  time: 2011.6797091402113
  value: 6.523341381643699e-05
