em:
  hps:
    bootstrap: false
    max_features: 0.5
    max_samples: 0.05
    n_estimators: 400
  time: 1486.1948167532682
  value: 15.945343137964365
mv:
  hps:
    bootstrap: true
    max_features: 1.0
    max_samples: 0.02
    n_estimators: 200
  time: 1590.5970378369093
  value: 0.012444203956149468
