hps:
  nu: 0.016066718766129005
time: 211.67518932599341
value: 0.5468368739156168
