hps:
  ff_dim: 32
  lr: 0.008689851483540097
  n_layers: 2
time: 302.73465187847614
value: 0.023952593381565968
