hps:
  nu: 0.46703275732349364
time: 54.592027351260185
value: 0.6473986993916101
