em:
  hps:
    ff_dim: 32
    lr: 2.0089501210528363e-05
    n_layers: 1
  time: 375.15175975486636
  value: 0.0002936124590456775
mv:
  hps:
    ff_dim: 8
    lr: 0.005196893214863588
    n_layers: 2
  time: 302.03183637186885
  value: 3661.465886718749
