em:
  hps:
    nu: 0.03487651258121454
  time: 1290.9618435539305
  value: 357436.5931285772
mv:
  hps:
    nu: 0.9990421298018168
  time: 1901.955570794642
  value: 1.3776056856772686e-07
