hps:
  epsilon: 0.0287673674064474
  l: 2
time: 183.6081840620027
value: 0.155264419724918
