hps:
  epsilon: 0.012117900042879704
  l: 4
time: 175.08440919965506
value: 1.0
