em:
  hps:
    nu: 0.9665491617070182
  time: 1226.263018897007
  value: 0.0014181265115373889
mv:
  hps:
    nu: 0.32723702995675297
  time: 1220.098325992003
  value: 1635.974340788423
