em:
  hps:
    nu: 0.0009648554989342539
  time: 1296.8224576562643
  value: 2.0383155975271583
mv:
  hps:
    nu: 0.0016163169904077972
  time: 768.2686862535775
  value: 0.004919599257471972
