hps:
  d_ff: 128
  dropout: 0
  lr: 0.0005352210353790132
time: 302.00605710595846
value: 0.47935075026006146
