em:
  hps:
    bootstrap: true
    max_features: 1.0
    max_samples: 0.05
    n_estimators: 200
  time: 785.8845879100263
  value: 4.6926484507360335
mv:
  hps:
    bootstrap: false
    max_features: 0.7
    max_samples: 0.05
    n_estimators: 400
  time: 823.0047861374915
  value: 1.3543057887456351
