hps:
  ff_dim: 8
  lr: 0.005863268558357406
  n_layers: 1
time: 213.2319470383227
value: 0.03379775920666994
