em:
  hps:
    nu: 0.010733711635553075
  time: 1496.502126827836
  value: 4.816793278877414
mv:
  hps:
    nu: 0.033823696984442306
  time: 1283.898497954011
  value: 0.0036550286833831264
