em:
  hps:
    nu: 0.000422273981363614
  time: 339.9064715616405
  value: 204410.1464655181
mv:
  hps:
    nu: 0.0001926296356687463
  time: 210.40366542339325
  value: 4.7659877750874985e-06
