hps:
  metric: l1
  n_neighbors: 5
time: 35.631867196410894
value: 0.052035851113313214
