em:
  hps:
    bootstrap: true
    max_features: 1.0
    max_samples: 0.05
    n_estimators: 200
  time: 1137.8886135928333
  value: 52453840.94540394
mv:
  hps:
    bootstrap: false
    max_features: 0.5
    max_samples: 0.05
    n_estimators: 100
  time: 585.8492121845484
  value: 8.368905889519916e-08
