em:
  hps:
    nu: 0.0174675822422817
  time: 871.2477138191462
  value: 19.63850065808365
mv:
  hps:
    nu: 0.00013843443692597294
  time: 736.3947368077934
  value: 0.037883171432243096
