hps:
  nu: 0.9950974198232506
time: 211.91001746058464
value: 0.020715162033944856
