em:
  hps:
    bootstrap: true
    max_features: 0.7
    max_samples: 0.01
    n_estimators: 400
  time: 1424.7136311820068
  value: 0.0026545326732398894
mv:
  hps:
    bootstrap: false
    max_features: 1.0
    max_samples: 0.01
    n_estimators: 400
  time: 1333.2695642279868
  value: 1569.6098708371992
