em:
  hps:
    nu: 0.751752182290856
  time: 1229.6630441869784
  value: 103.0741169750939
mv:
  hps:
    nu: 0.9814300727144835
  time: 1258.824823101022
  value: 0.0
