hps:
  ff_dim: 32
  lr: 0.01148009603199764
  n_layers: 2
time: 344.26003126055
value: 0.01252871733673433
