hps:
  ff_dim: 16
  lr: 2.655215384562992e-05
  n_layers: 1
time: 207.98445986001752
value: 0.1315790988020924
