em:
  hps:
    ff_dim: 8
    lr: 3.419253964828661e-05
    n_layers: 2
  time: 355.7655679360032
  value: 352006.82267920865
mv:
  hps:
    ff_dim: 16
    lr: 0.0005652653427850175
    n_layers: 1
  time: 352.7027167454362
  value: 1.682637573594547e-07
