em:
  hps:
    bootstrap: true
    max_features: 0.7
    max_samples: 0.05
    n_estimators: 400
  time: 1437.6768133490114
  value: 36408.94786333738
mv:
  hps:
    bootstrap: true
    max_features: 1.0
    max_samples: 0.05
    n_estimators: 100
  time: 1333.3757713540108
  value: 0.00011737204552567241
