hps:
  ff_dim: 8
  lr: 0.006590575646374553
  n_layers: 2
time: 308.59563913941383
value: 0.9992232277526396
