hps:
  d_ff: 256
  dropout: 0.1
  lr: 0.0011517931519923628
time: 308.455607175827
value: 0.015179861722623644
