hps:
  nu: 0.0004567692449758788
time: 74.58756080642343
value: 0.005982686157998018
