hps:
  epsilon: 0.011606691936716441
  l: 5
time: 181.16193364560604
value: 0.3899888665883612
