em:
  hps:
    bootstrap: true
    max_features: 1.0
    max_samples: 0.01
    n_estimators: 400
  time: 1232.2405061163008
  value: 1.8997431030054996e-05
mv:
  hps:
    bootstrap: false
    max_features: 0.7
    max_samples: 0.02
    n_estimators: 100
  time: 1250.4043406285346
  value: 2382.7861877972277
