hps:
  nu: 0.06554705688887928
time: 15.862370371818542
value: 0.015625
