em:
  hps:
    bootstrap: true
    max_features: 1.0
    max_samples: 0.02
    n_estimators: 200
  time: 1260.3647696897388
  value: 0.0008227921171777582
mv:
  hps:
    bootstrap: false
    max_features: 0.5
    max_samples: 0.01
    n_estimators: 400
  time: 1254.871738806367
  value: 3847.408154806977
