hps:
  nu: 0.0001324718187485579
time: 50.30381428822875
value: 0.03828814522245105
