em:
  hps:
    nu: 0.660188500835263
  time: 1920.1776786223054
  value: 91.5879008259499
mv:
  hps:
    nu: 0.011354115798975183
  time: 1390.021422471851
  value: 2.3918151855468745e-05
