em:
  hps:
    bootstrap: true
    max_features: 0.5
    max_samples: 0.01
    n_estimators: 100
  time: 1303.0633555620152
  value: 55276437.85299137
mv:
  hps:
    bootstrap: false
    max_features: 0.7
    max_samples: 0.02
    n_estimators: 400
  time: 1608.8268940990092
  value: 5.8614476472484955e-08
