hps:
  metric: l1
  n_neighbors: 5
time: 762.3511024788022
value: 0.43373921584580966
