em:
  hps:
    ff_dim: 32
    lr: 7.087991185409983e-05
    n_layers: 2
  time: 303.17762415856123
  value: 17259.525069755742
mv:
  hps:
    ff_dim: 32
    lr: 0.00018251300364141858
    n_layers: 2
  time: 301.13220100849867
  value: 2.8775737100659164e-06
