hps:
  d_ff: 128
  dropout: 0
  lr: 0.0058135667748677716
time: 321.7134463650291
value: 0.15060560740902385
