em:
  hps:
    bootstrap: false
    max_features: 0.7
    max_samples: 0.05
    n_estimators: 400
  time: 1226.3365965299308
  value: 160.24019822449063
mv:
  hps:
    bootstrap: false
    max_features: 0.7
    max_samples: 0.02
    n_estimators: 100
  time: 670.0123874172568
  value: 0.0018282851614058017
