em:
  hps:
    nu: 0.48737809565060414
  time: 948.196934312582
  value: 339120.14997129014
mv:
  hps:
    nu: 0.0002277922697343356
  time: 54.85462439805269
  value: 2.6139563421886233e-06
