em:
  hps:
    nu: 0.9130731795647912
  time: 1326.3053342588246
  value: 11.419033559123406
mv:
  hps:
    nu: 0.0001616185444215282
  time: 748.474561303854
  value: 0.004810412512154117
