em:
  hps:
    nu: 0.0247456847048471
  time: 541.0583063624799
  value: 0.22013096792424425
mv:
  hps:
    nu: 0.01891531557403454
  time: 648.5766063779593
  value: 1.5768160710202275
