em:
  hps:
    ff_dim: 8
    lr: 7.098961578639465e-05
    n_layers: 2
  time: 389.8847558423877
  value: 0.46795968400996324
mv:
  hps:
    ff_dim: 8
    lr: 0.0005730366638524178
    n_layers: 2
  time: 306.84548246487975
  value: 0.5875175968684329
