em:
  hps:
    nu: 0.04443479048921471
  time: 1215.897330082953
  value: 0.001968091812998715
mv:
  hps:
    nu: 0.0028642287207043407
  time: 1212.296663429588
  value: 0.0
