em:
  hps:
    ff_dim: 16
    lr: 0.00019483168896409405
    n_layers: 2
  time: 333.5721497369814
  value: 0.013888194158307502
mv:
  hps:
    ff_dim: 32
    lr: 8.064013636985471e-05
    n_layers: 2
  time: 316.46452635497553
  value: 2.4122685190585056
