hps:
  d_ff: 512
  dropout: 0.1
  lr: 0.002848556453189791
time: 305.4192697107792
value: 0.00022084805653710404
