em:
  hps:
    nu: 0.9733707987225372
  time: 1566.8602632970142
  value: 114.47263099144688
mv:
  hps:
    nu: 0.7927053009805545
  time: 1282.939470723999
  value: 5.807739618256335e-05
