em:
  hps:
    ff_dim: 8
    lr: 0.09491872235549748
    n_layers: 1
  time: 303.8751629292965
  value: 1.4126431123717497e-05
mv:
  hps:
    ff_dim: 16
    lr: 0.008499476321312182
    n_layers: 2
  time: 300.9310367926955
  value: 3615.6105619867803
