em:
  hps:
    bootstrap: true
    max_features: 1.0
    max_samples: 0.02
    n_estimators: 200
  time: 1604.09097475186
  value: 2.970842083008779
mv:
  hps:
    bootstrap: true
    max_features: 0.7
    max_samples: 0.05
    n_estimators: 200
  time: 1339.0138078406453
  value: 0.002451293166612149
