hps:
  nu: 0.7141685113139138
time: 370.91385451704264
value: 0.00809566432774611
