hps:
  metric: l1
  n_neighbors: 5
time: 812.607787899673
value: 0.4365000658314102
