em:
  hps:
    ff_dim: 16
    lr: 0.00033260805235385115
    n_layers: 1
  time: 348.95015167072415
  value: 7.260362755596873e-05
mv:
  hps:
    ff_dim: 32
    lr: 0.0002505873767794462
    n_layers: 1
  time: 305.0377051047981
  value: 1876.3527734528059
