hps:
  ff_dim: 16
  lr: 5.184443199089891e-05
  n_layers: 2
time: 317.53870064765215
value: 0.005110234472553987
