em:
  hps:
    nu: 0.0031321571435669452
  time: 1203.9471646100283
  value: 1.5023331154142467e-05
mv:
  hps:
    nu: 0.002553824110892473
  time: 828.9026392996311
  value: 3479.0034726562494
