em:
  hps:
    ff_dim: 16
    lr: 4.877655661314706e-05
    n_layers: 2
  time: 353.8424486555159
  value: 159511.4197387633
mv:
  hps:
    ff_dim: 8
    lr: 1.274405483967326e-05
    n_layers: 2
  time: 303.5378761738539
  value: 5.4314612716552785e-06
