hps:
  ff_dim: 32
  lr: 0.00012235487507516427
  n_layers: 2
time: 309.398551505059
value: 0.2388104591848803
