hps:
  epsilon: 0.02545398752033948
  l: 5
time: 93.90631712600589
value: 0.030291812879969515
