hps:
  ff_dim: 32
  lr: 0.004007795615365027
  n_layers: 1
time: 302.2569642998278
value: 0.012117415661669795
