em:
  hps:
    nu: 0.08057829399899791
  time: 188.56030194900814
  value: 16489967927.921011
mv:
  hps:
    nu: 0.03546725700888614
  time: 151.3308796749916
  value: 3.766225598479122e-12
