hps:
  ff_dim: 8
  lr: 0.012381349342180024
  n_layers: 2
time: 303.33450523763895
value: 0.9996039215686277
