hps:
  epsilon: 0.010142525599322128
  l: 1
time: 372.91138134524226
value: 0.9715427469761201
