em:
  hps:
    nu: 0.5710111236504829
  time: 637.9620627574623
  value: 2.0888309771090984e-05
mv:
  hps:
    nu: 0.00618200181329081
  time: 523.4745106697083
  value: 2217.927310118601
