hps:
  nu: 0.059975127429288275
time: 1007.8569234907627
value: 0.0008277936680379794
