hps:
  d_ff: 256
  dropout: 0
  lr: 8.708037508422208e-05
time: 304.38829108700156
value: 0.5323139569776301
