em:
  hps:
    ff_dim: 32
    lr: 3.1925815540835625e-05
    n_layers: 1
  time: 374.15870122238994
  value: 900.250056044919
mv:
  hps:
    ff_dim: 8
    lr: 0.00023089080308327648
    n_layers: 2
  time: 319.4044850692153
  value: 0.002290815023705363
