hps:
  ff_dim: 32
  lr: 0.014673658850268525
  n_layers: 2
time: 177.60470070317388
value: 1.0
