hps:
  d_ff: 256
  dropout: 0
  lr: 0.003158548112973966
time: 303.3946862630546
value: 0.06260046794247809
