hps:
  nu: 0.00010663109510302435
time: 19.583531875163317
value: 0.046203584437135126
