hps:
  d_ff: 256
  dropout: 0.1
  lr: 2.911025117268276e-05
time: 320.73067707568407
value: 0.04372683937922506
