hps:
  d_ff: 256
  dropout: 0
  lr: 0.0003345234063908377
time: 307.51886888220906
value: 0.09014093920417976
