hps:
  d_ff: 256
  dropout: 0
  lr: 0.0022656622130955264
time: 372.1395474039018
value: 0.02637873017850456
