hps:
  ff_dim: 8
  lr: 0.0025074665151195194
  n_layers: 1
time: 302.7638553008437
value: 0.014714399432586456
