em:
  hps:
    bootstrap: false
    max_features: 0.7
    max_samples: 0.02
    n_estimators: 200
  time: 1012.0594765096903
  value: 14421.096165099676
mv:
  hps:
    bootstrap: false
    max_features: 1.0
    max_samples: 0.05
    n_estimators: 400
  time: 1023.7348002381623
  value: 5.886129358095271e-05
