hps:
  ff_dim: 16
  lr: 0.00022029995556420372
  n_layers: 1
time: 300.4058270640671
value: 0.06025423328618462
