em:
  hps:
    ff_dim: 16
    lr: 0.002807525661985711
    n_layers: 2
  time: 387.5185492360033
  value: 0.007949795604802835
mv:
  hps:
    ff_dim: 8
    lr: 0.09786332095633092
    n_layers: 1
  time: 311.08005596199655
  value: 34.620669711371605
