em:
  hps:
    nu: 0.023573519872601735
  time: 1213.4224346019328
  value: 1.5013884859317906e-05
mv:
  hps:
    nu: 0.13604338576348504
  time: 1477.831132851541
  value: 3103.4546745632642
