hps:
  metric: l2
  n_neighbors: 9
time: 137.67978686001152
value: 0.12792263853660102
