hps:
  nu: 0.530349994231272
time: 889.7652197368443
value: 0.002276322360957428
