hps:
  metric: l1
  n_neighbors: 5
time: 35.207351949065924
value: 0.038084170004212714
