hps:
  bootstrap: true
  max_features: 1.0
  max_samples: 0.05
  n_estimators: 400
time: 60.09086370404111
value: 0.7377083153313302
