hps:
  epsilon: 0.029938517412137995
  l: 4
time: 179.43198856298113
value: 0.2509649827453143
