hps:
  epsilon: 0.09945653318065105
  l: 1
time: 747.5797371305525
value: 0.006962345168368467
