hps:
  nu: 0.0002264177614091183
time: 25.567452773451805
value: 0.18204968875388283
