em:
  hps:
    nu: 0.0014849822869823
  time: 1017.3638143241405
  value: 1.5291669169827473e-05
mv:
  hps:
    nu: 0.11844276205964596
  time: 1086.5100200474262
  value: 3136.8955041106406
