hps:
  ff_dim: 32
  lr: 0.047050455622588264
  n_layers: 1
time: 301.09919883683324
value: 0.0400297574170434
