hps:
  ff_dim: 16
  lr: 0.029889229542601346
  n_layers: 1
time: 319.07760664075613
value: 0.005901154890923799
