hps:
  epsilon: 0.010065010802874523
  l: 2
time: 755.4123297147453
value: 0.1327181112361704
