em:
  hps:
    bootstrap: true
    max_features: 0.7
    max_samples: 0.02
    n_estimators: 200
  time: 1206.3654738590121
  value: 12.27680456353233
mv:
  hps:
    bootstrap: true
    max_features: 1.0
    max_samples: 0.05
    n_estimators: 400
  time: 866.1008639112115
  value: 0.12126720707069946
