em:
  hps:
    bootstrap: false
    max_features: 0.7
    max_samples: 0.01
    n_estimators: 200
  time: 1222.381754592061
  value: 6081.116280683473
mv:
  hps:
    bootstrap: true
    max_features: 0.5
    max_samples: 0.01
    n_estimators: 400
  time: 1231.090839534998
  value: 8.169833359715995e-06
