hps:
  epsilon: 0.012894456965507936
  l: 4
time: 184.70884891599417
value: 0.5120903102619443
