em:
  hps:
    nu: 0.42295031708379005
  time: 511.8110082484782
  value: 2.0722687396678277e-05
mv:
  hps:
    nu: 0.49672891424420973
  time: 446.12262254580855
  value: 277.6178416728602
