em:
  hps:
    bootstrap: false
    max_features: 0.7
    max_samples: 0.05
    n_estimators: 200
  time: 882.4810622632504
  value: 9.294952731896738e-06
mv:
  hps:
    bootstrap: true
    max_features: 1.0
    max_samples: 0.05
    n_estimators: 400
  time: 781.7296721115708
  value: 572.1611258575884
