hps:
  d_ff: 256
  dropout: 0
  lr: 0.00016171744846600058
time: 343.21590400114655
value: 0.01267911458107196
