hps:
  d_ff: 128
  dropout: 0
  lr: 5.121035127975375e-05
time: 317.2195147126913
value: 0.00796146104499773
