em:
  hps:
    bootstrap: false
    max_features: 0.7
    max_samples: 0.01
    n_estimators: 200
  time: 1214.5211802646518
  value: 1.6317722335528814e-05
mv:
  hps:
    bootstrap: true
    max_features: 0.7
    max_samples: 0.02
    n_estimators: 100
  time: 1430.4826500453055
  value: 2838.788486621066
