em:
  hps:
    nu: 0.010280040455910223
  time: 1223.0717151761055
  value: 2.441002289957608
mv:
  hps:
    nu: 0.0005127639044531448
  time: 906.1017600856721
  value: 0.004375810109283667
