em:
  hps:
    nu: 0.445579227802497
  time: 1502.2667834199965
  value: 3.851107227080169e-05
mv:
  hps:
    nu: 0.00023226332808252013
  time: 1250.3999027460814
  value: 1250.2040751440236
