hps:
  nu: 0.00028211757104821877
time: 4.504693872004282
value: 0.3130232789329641
