em:
  hps:
    nu: 0.02522786276080661
  time: 668.2381494343281
  value: 295.2458131818388
mv:
  hps:
    nu: 0.020830417392283845
  time: 354.7965480722487
  value: 0.0018282851614058017
