hps:
  d_ff: 512
  dropout: 0.1
  lr: 0.0002862840002111882
time: 307.13661769777536
value: 0.3222000914290667
