hps:
  ff_dim: 16
  lr: 0.01304861579747474
  n_layers: 2
time: 110.62529588700272
value: 0.12842900540614033
