em:
  hps:
    ff_dim: 8
    lr: 1.515818906024619e-05
    n_layers: 1
  time: 324.2825383655727
  value: 349.14562560666184
mv:
  hps:
    ff_dim: 16
    lr: 0.09657694886148617
    n_layers: 2
  time: 314.48221280798316
  value: 0.00014229506277479227
