em:
  hps:
    nu: 0.00015452282901616546
  time: 610.2995212897658
  value: 0.08452780949816395
mv:
  hps:
    nu: 0.27000255226642095
  time: 1225.041430991143
  value: 0.5864671793294718
