hps:
  d_ff: 512
  dropout: 0.1
  lr: 0.0004521470796438525
time: 300.4779713191092
value: 0.09918246041008938
