hps:
  nu: 0.00017404517873156547
time: 23.89630626142025
value: 0.7168422050804129
