em:
  hps:
    ff_dim: 8
    lr: 0.009336118435739067
    n_layers: 2
  time: 375.46576545387506
  value: 1.66685738312572e-05
mv:
  hps:
    ff_dim: 16
    lr: 0.0012172685819358047
    n_layers: 2
  time: 310.9790913425386
  value: 3083.4435877642845
