em:
  hps:
    nu: 0.041825322720343644
  time: 371.00642881169915
  value: 2.1124144436293695e-05
mv:
  hps:
    nu: 0.33758403441737167
  time: 848.5651463754475
  value: 262.8624001605316
