em:
  hps:
    bootstrap: true
    max_features: 0.5
    max_samples: 0.01
    n_estimators: 100
  time: 1153.939755115658
  value: 390.6594821535697
mv:
  hps:
    bootstrap: true
    max_features: 0.5
    max_samples: 0.02
    n_estimators: 200
  time: 907.3277471736073
  value: 0.00024587354692630467
