hps:
  ff_dim: 16
  lr: 0.0015256951371865161
  n_layers: 2
time: 306.8228434845805
value: 0.003811150126017959
