hps:
  ff_dim: 8
  lr: 0.004417026922465734
  n_layers: 1
time: 305.90564519166946
value: 0.9935660178176168
