hps:
  nu: 0.02684621979561834
time: 284.4412299878895
value: 0.0022763005539777614
