hps:
  epsilon: 0.013571708324028429
  l: 1
time: 185.61072831973433
value: 0.9593580031080031
