hps:
  ff_dim: 32
  lr: 6.765478104893932e-05
  n_layers: 1
time: 306.5213656872511
value: 0.8639420242870813
