em:
  hps:
    nu: 0.9439532153159037
  time: 1282.4324659559934
  value: 44.09369534359879
mv:
  hps:
    nu: 0.34086996706736
  time: 1234.1001415110077
  value: 0.0008976879870797704
