hps:
  ff_dim: 8
  lr: 1.0056209360909155e-05
  n_layers: 1
time: 337.3017065450549
value: 0.0011762568013047314
