hps:
  epsilon: 0.02344413859784141
  l: 3
time: 191.30885569006205
value: 0.12105197810235058
