em:
  hps:
    nu: 0.10517122859692751
  time: 1272.8969023413956
  value: 98.9802798601074
mv:
  hps:
    nu: 0.15282621514669706
  time: 1210.5194383747876
  value: 1.3817416213628812e-05
