em:
  hps:
    nu: 0.603440027299232
  time: 1284.607365321368
  value: 1.9530581970363745
mv:
  hps:
    nu: 0.00015726455904546737
  time: 1011.2849142029881
  value: 0.013100790717658094
