em:
  hps:
    bootstrap: false
    max_features: 1.0
    max_samples: 0.02
    n_estimators: 400
  time: 1277.004590002005
  value: 0.0054946610264963065
mv:
  hps:
    bootstrap: true
    max_features: 0.7
    max_samples: 0.05
    n_estimators: 200
  time: 1405.505648175982
  value: 0.0
