em:
  hps:
    nu: 0.003565396352246162
  time: 1652.8886332400143
  value: 2.0540608641901006
mv:
  hps:
    nu: 0.014966597921527226
  time: 1210.3033231981099
  value: 0.0062128556198961125
