em:
  hps:
    ff_dim: 8
    lr: 0.00018579678474029042
    n_layers: 1
  time: 379.3847756339819
  value: 0.002794604689581404
mv:
  hps:
    ff_dim: 8
    lr: 7.002093656537003e-05
    n_layers: 1
  time: 502.13256928900955
  value: 2262.7010352750185
