em:
  hps:
    nu: 0.00026467476000500463
  time: 1354.5480338819325
  value: 81.10736569494952
mv:
  hps:
    nu: 0.27305840626500516
  time: 1203.1518372260034
  value: 9.217934796190611e-05
