em:
  hps:
    nu: 0.9275612157201725
  time: 483.3955300489906
  value: 0.0003069698234698493
mv:
  hps:
    nu: 0.029705182064591728
  time: 236.56018569800653
  value: 53.95477433973479
