hps:
  ff_dim: 32
  lr: 0.042900092067359334
  n_layers: 2
time: 301.2543342523277
value: 0.0019238942473390752
