em:
  hps:
    ff_dim: 8
    lr: 0.037112313475891785
    n_layers: 2
  time: 368.5835281009786
  value: 0.0004497911203502042
mv:
  hps:
    ff_dim: 16
    lr: 0.02972254662747155
    n_layers: 1
  time: 322.5897750300355
  value: 2460.8704570312493
