em:
  hps:
    bootstrap: true
    max_features: 1.0
    max_samples: 0.02
    n_estimators: 100
  time: 1285.0184614546597
  value: 6.360036811635612e-05
mv:
  hps:
    bootstrap: false
    max_features: 0.5
    max_samples: 0.02
    n_estimators: 400
  time: 1446.3888463936746
  value: 753.2024992266247
