hps:
  d_ff: 128
  dropout: 0
  lr: 1.6213884431613706e-05
time: 303.30855179205537
value: 0.023763940290453145
