em:
  hps:
    nu: 0.6475965283798536
  time: 774.9278149567544
  value: 2.0828544016130607e-05
mv:
  hps:
    nu: 0.41480318799760635
  time: 1029.7781694121659
  value: 277.58603330991394
