hps:
  ff_dim: 8
  lr: 0.0003405099227266367
  n_layers: 2
time: 301.95330430200556
value: 0.09845913323013367
