em:
  hps:
    nu: 0.0014936255543329105
  time: 1238.5440465449938
  value: 21.169907006494835
mv:
  hps:
    nu: 0.0001035019222715616
  time: 1806.3242052290007
  value: 0.0023463915344327678
