hps:
  ff_dim: 8
  lr: 0.020619717970810525
  n_layers: 1
time: 305.20605781301856
value: 0.9985446561410175
