hps:
  ff_dim: 8
  lr: 0.010175755093384618
  n_layers: 2
time: 305.30903524532914
value: 0.3041139826938619
