hps:
  ff_dim: 8
  lr: 0.00025887508077741936
  n_layers: 1
time: 316.1832988150418
value: 0.7465017037543525
