hps:
  metric: l1
  n_neighbors: 5
time: 1237.975558480015
value: 0.7354541748998226
