em:
  hps:
    nu: 0.0008269873714644083
  time: 1222.5917141772807
  value: 1.3938776575933844
mv:
  hps:
    nu: 0.00010669207062130872
  time: 401.0940933972597
  value: 0.007173613818081538
