em:
  hps:
    bootstrap: true
    max_features: 0.7
    max_samples: 0.02
    n_estimators: 400
  time: 1027.0239127769892
  value: 231.19619747811788
mv:
  hps:
    bootstrap: false
    max_features: 1.0
    max_samples: 0.05
    n_estimators: 200
  time: 1248.3741487720108
  value: 0.008258923847068842
