em:
  hps:
    nu: 0.7218388245794449
  time: 1243.7955122217536
  value: 2.349549520577406e-05
mv:
  hps:
    nu: 0.8747707755920872
  time: 1256.876791793853
  value: 253.7673695771256
