em:
  hps:
    bootstrap: false
    max_features: 0.5
    max_samples: 0.05
    n_estimators: 400
  time: 1261.612237907946
  value: 1.166380851242404e-05
mv:
  hps:
    bootstrap: false
    max_features: 0.5
    max_samples: 0.05
    n_estimators: 400
  time: 1270.195038959384
  value: 3987.0938188517716
