em:
  hps:
    ff_dim: 16
    lr: 0.025999444453894335
    n_layers: 1
  time: 306.9877820163965
  value: 2.1297652013412194e-05
mv:
  hps:
    ff_dim: 8
    lr: 0.0001342760862139322
    n_layers: 2
  time: 307.3932101614773
  value: 2208.054814453124
