hps:
  nu: 0.9997064193830376
time: 615.0265765376389
value: 0.007414085910471324
