hps:
  epsilon: 0.027917030672928042
  l: 5
time: 186.31180261448026
value: 0.4729214833230906
