em:
  hps:
    nu: 0.0011891719655410234
  time: 2014.1965256109834
  value: 9.573630840920426
mv:
  hps:
    nu: 0.0036410403638003244
  time: 1325.9412393905222
  value: 0.003608964143343827
