em:
  hps:
    ff_dim: 32
    lr: 0.00014526994717321083
    n_layers: 2
  time: 310.6584774630028
  value: 0.0034990493417734526
mv:
  hps:
    ff_dim: 32
    lr: 0.0005236839035483907
    n_layers: 2
  time: 301.43737512402004
  value: 1482.8958632812496
