hps:
  d_ff: 256
  dropout: 0
  lr: 0.0038735247149610744
time: 316.16107841953635
value: 0.002534541227725451
