hps:
  d_ff: 128
  dropout: 0
  lr: 1.3911358604670474e-05
time: 301.39488888159394
value: 0.3302099490036545
