hps:
  epsilon: 0.06099458575853074
  l: 5
time: 184.81421699747443
value: 0.02029778682998362
