em:
  hps:
    bootstrap: true
    max_features: 1.0
    max_samples: 0.02
    n_estimators: 400
  time: 1296.5777374058962
  value: 2.857024301281856
mv:
  hps:
    bootstrap: true
    max_features: 0.7
    max_samples: 0.02
    n_estimators: 200
  time: 1448.8614197671413
  value: 0.0051502346789743005
