hps:
  nu: 0.00013282433323978158
time: 11.154711924493313
value: 0.004998095984598994
