hps:
  bootstrap: false
  max_features: 1.0
  max_samples: 0.05
  n_estimators: 200
time: 95.6821321696043
value: 0.003443828797858095
