em:
  hps:
    nu: 0.9993452762555181
  time: 1219.7041581235826
  value: 97670464.14914143
mv:
  hps:
    nu: 0.3225785080435902
  time: 1264.3211296759546
  value: 1.8054169247155272e-08
