em:
  hps:
    bootstrap: true
    max_features: 1.0
    max_samples: 0.02
    n_estimators: 400
  time: 1213.4268054962158
  value: 16185.346554375608
mv:
  hps:
    bootstrap: false
    max_features: 0.5
    max_samples: 0.02
    n_estimators: 200
  time: 1244.4226923398674
  value: 3.0694876149937037e-06
