hps:
  nu: 0.9389751205396378
time: 65.51185685023665
value: 0.5191131495869007
