hps:
  ff_dim: 32
  lr: 0.07055895507851115
  n_layers: 2
time: 313.78334172815084
value: 0.016301988731933337
