em:
  hps:
    nu: 0.3555998242106296
  time: 1209.0244419239461
  value: 2.293329978517023e-05
mv:
  hps:
    nu: 0.9845606386951308
  time: 1229.7422749474645
  value: 257.01713515393556
