em:
  hps:
    nu: 0.1543239529235295
  time: 1196.4693550616503
  value: 0.0811217243646397
mv:
  hps:
    nu: 0.0012250622329756681
  time: 319.76683117449284
  value: 0.20909529870521182
