hps:
  d_ff: 512
  dropout: 0.1
  lr: 1.609953126168474e-05
time: 121.07041942997603
value: 0.14478355555442868
