hps:
  bootstrap: true
  max_features: 0.7
  max_samples: 0.05
  n_estimators: 100
time: 114.3049218468368
value: 0.6553105782852543
