em:
  hps:
    nu: 0.36038303399381083
  time: 1119.4216425290215
  value: 4.086882715512843e-05
mv:
  hps:
    nu: 0.3918662518672038
  time: 1251.6605296890193
  value: 1101.1851987225027
