em:
  hps:
    nu: 0.08440247329978454
  time: 1023.7459650099918
  value: 0.10137996083407178
mv:
  hps:
    nu: 0.012379774967936897
  time: 458.5222117349913
  value: 0.4567121725430218
