hps:
  nu: 0.0007993491780449134
time: 7.847777135670185
value: 0.9633333333333334
