em:
  hps:
    ff_dim: 32
    lr: 5.746872452196863e-05
    n_layers: 2
  time: 359.032055543008
  value: 1477.0095921450015
mv:
  hps:
    ff_dim: 8
    lr: 0.0023502678072045255
    n_layers: 2
  time: 319.23167413900956
  value: 0.0009745039511471984
