em:
  hps:
    bootstrap: true
    max_features: 0.7
    max_samples: 0.05
    n_estimators: 400
  time: 1202.0019818507135
  value: 1.2466065756608626
mv:
  hps:
    bootstrap: false
    max_features: 1.0
    max_samples: 0.05
    n_estimators: 400
  time: 1273.1347987316549
  value: 0.013740269417441036
