hps:
  epsilon: 0.011305539074613877
  l: 5
time: 1064.449831970036
value: 0.03944301593527466
