em:
  hps:
    ff_dim: 16
    lr: 5.1665484826917465e-05
    n_layers: 1
  time: 342.4020392849925
  value: 0.0002284334796706132
mv:
  hps:
    ff_dim: 32
    lr: 0.0021294431121343855
    n_layers: 2
  time: 317.7165799259674
  value: 2441.2965811876707
