hps:
  bootstrap: false
  max_features: 0.7
  max_samples: 0.05
  n_estimators: 100
time: 131.7333388775587
value: 0.833422654068535
