hps:
  metric: l2
  n_neighbors: 5
time: 39.48867894336581
value: 0.06789025506611734
