hps:
  nu: 0.0176036694644658
time: 324.60548266395926
value: 0.007438927665042616
