em:
  hps:
    ff_dim: 32
    lr: 0.08671781599797095
    n_layers: 2
  time: 338.830559913069
  value: 29312.625199169757
mv:
  hps:
    ff_dim: 32
    lr: 0.0013141361631417957
    n_layers: 1
  time: 323.3264322504401
  value: 1.6948910688370232e-06
