hps:
  ff_dim: 32
  lr: 5.632510605609906e-05
  n_layers: 1
time: 302.39317858219147
value: 0.002509702227358912
