hps:
  d_ff: 512
  dropout: 0.1
  lr: 0.007201144416913795
time: 536.6476279270137
value: 0.06372770558631158
