hps:
  nu: 0.09101992814996311
time: 503.0155577319674
value: 0.5280042390128753
