em:
  hps:
    nu: 0.35554342402873945
  time: 844.8113644495606
  value: 2.284975544990099e-05
mv:
  hps:
    nu: 0.7741122807216695
  time: 1224.314841531217
  value: 248.8533291449862
