em:
  hps:
    nu: 0.6211754423757648
  time: 1200.9903697185218
  value: 126.18544020156973
mv:
  hps:
    nu: 0.0024471099405249546
  time: 1324.8637622408569
  value: 0.00039372486853972064
