em:
  hps:
    bootstrap: true
    max_features: 0.7
    max_samples: 0.05
    n_estimators: 200
  time: 1256.9891918227077
  value: 3.827421108387162
mv:
  hps:
    bootstrap: false
    max_features: 0.7
    max_samples: 0.05
    n_estimators: 100
  time: 1369.0715972594917
  value: 0.0018428746504167402
