em:
  hps:
    nu: 0.03983051682057093
  time: 242.5067299460061
  value: 5.22886848846335e-05
mv:
  hps:
    nu: 0.00019368663178640885
  time: 185.29596006398788
  value: 3358.7240988194853
