hps:
  nu: 0.0003385466163863861
time: 88.48326817527413
value: 0.004750947391448657
