hps:
  ff_dim: 16
  lr: 0.00028662343015596966
  n_layers: 1
time: 304.03424072638154
value: 0.0053399161252618565
