em:
  hps:
    ff_dim: 8
    lr: 0.03359366296944384
    n_layers: 1
  time: 447.0420386567712
  value: 1.578472886306401e-05
mv:
  hps:
    ff_dim: 8
    lr: 0.006982761693181259
    n_layers: 2
  time: 343.1564751639962
  value: 4003.2916171874986
