em:
  hps:
    nu: 0.34383923819281814
  time: 1233.5148567967117
  value: 552966.3583105311
mv:
  hps:
    nu: 0.3291613583259711
  time: 1341.0559439696372
  value: 2.6002486609339957e-06
