hps:
  d_ff: 128
  dropout: 0.1
  lr: 0.001963727784787383
time: 580.1618802398443
value: 0.0005419686874182927
