em:
  hps:
    nu: 0.003597018507392148
  time: 409.5800208337605
  value: 2248.5755951614983
mv:
  hps:
    nu: 0.00032655122396057644
  time: 145.82612101361156
  value: 0.00041090734110271244
