hps:
  nu: 0.051420140895704715
time: 12.904664877802134
value: 0.9958132468180156
