em:
  hps:
    nu: 0.0015405131503035772
  time: 296.8504772079759
  value: 7928111.258688937
mv:
  hps:
    nu: 0.10496482722987828
  time: 569.1907929630252
  value: 5.968690097688521e-07
