hps:
  epsilon: 0.013485125449396201
  l: 3
time: 372.92645071074367
value: 0.023707356160782678
