hps:
  nu: 0.6440158720158806
time: 20.250203639268875
value: 0.7512921481275316
