hps:
  bootstrap: false
  max_features: 1.0
  max_samples: 0.05
  n_estimators: 100
time: 94.92095406353474
value: 0.028124902366493787
