hps:
  ff_dim: 16
  lr: 0.00010358036900824615
  n_layers: 2
time: 301.0843798778951
value: 0.15282393765685864
