em:
  hps:
    nu: 0.10013687071079512
  time: 1314.2546507760126
  value: 2.4597782012934712e-05
mv:
  hps:
    nu: 0.061124288074275224
  time: 1412.0392328609887
  value: 2241.7075876740355
