hps:
  d_ff: 512
  dropout: 0
  lr: 0.0002771798811745618
time: 471.25885428860784
value: 0.43695354264931796
