em:
  hps:
    bootstrap: false
    max_features: 1.0
    max_samples: 0.02
    n_estimators: 100
  time: 1035.3563122339547
  value: 43664.682202574906
mv:
  hps:
    bootstrap: true
    max_features: 0.7
    max_samples: 0.05
    n_estimators: 400
  time: 989.4167927019298
  value: 5.130519288987349e-05
