hps:
  epsilon: 0.09928362604752025
  l: 5
time: 641.3133304826915
value: 0.007202295167029749
