hps:
  epsilon: 0.010594224762738878
  l: 1
time: 764.7131679691374
value: 0.5497395991542332
