em:
  hps:
    nu: 0.03682943967342677
  time: 955.9745810069144
  value: 2.4685903212554104e-05
mv:
  hps:
    nu: 0.00034737161364250814
  time: 579.1564208269119
  value: 2277.2729223136575
