hps:
  ff_dim: 8
  lr: 0.010180154382433467
  n_layers: 2
time: 307.5912351757288
value: 0.34427299984660675
