em:
  hps:
    nu: 0.007193421433240086
  time: 887.0877192690969
  value: 2.6297145450322538e-05
mv:
  hps:
    nu: 0.19672194290434045
  time: 1339.112489193678
  value: 2003.8096933593747
