em:
  hps:
    nu: 0.013265174695100164
  time: 584.2076679319143
  value: 1605380.3534400198
mv:
  hps:
    nu: 0.43945737881337615
  time: 1237.4276695884764
  value: 4.5223332406626355e-07
