hps:
  d_ff: 512
  dropout: 0.1
  lr: 0.0029266057741839983
time: 387.62700915301684
value: 0.1534493594166495
