em:
  hps:
    bootstrap: false
    max_features: 0.7
    max_samples: 0.02
    n_estimators: 400
  time: 1087.5739185400307
  value: 17.717031543149837
mv:
  hps:
    bootstrap: false
    max_features: 1.0
    max_samples: 0.05
    n_estimators: 400
  time: 1106.1847684010863
  value: 0.07723863175043351
