em:
  hps:
    nu: 0.01748117168564208
  time: 1274.5472244210541
  value: 9146.95581249442
mv:
  hps:
    nu: 0.4432293228700537
  time: 1240.7872685231268
  value: 5.4314612716552785e-06
