hps:
  d_ff: 128
  dropout: 0.1
  lr: 0.00019968763833499032
time: 301.87641429901123
value: 0.007003097399423619
