hps:
  ff_dim: 16
  lr: 2.0562715887263705e-05
  n_layers: 2
time: 303.9052898734808
value: 0.0042822535796581684
