em:
  hps:
    ff_dim: 8
    lr: 0.00013160327602265077
    n_layers: 1
  time: 374.6983038596809
  value: 7.711709344706134e-05
mv:
  hps:
    ff_dim: 16
    lr: 0.0005482262547363718
    n_layers: 1
  time: 324.4336782284081
  value: 2221.898572265625
