em:
  hps:
    nu: 0.1502588959798734
  time: 938.5801213979721
  value: 0.00014270058555900412
mv:
  hps:
    nu: 0.00027891340403913867
  time: 377.8893185071647
  value: 256.90334091622503
