em:
  hps:
    ff_dim: 32
    lr: 2.727190323207308e-05
    n_layers: 2
  time: 316.57015058299294
  value: 3.0170064907808584e-05
mv:
  hps:
    ff_dim: 16
    lr: 0.02672382747668616
    n_layers: 1
  time: 323.29939528001705
  value: 59889.5865227331
