em:
  hps:
    bootstrap: true
    max_features: 0.5
    max_samples: 0.02
    n_estimators: 400
  time: 1454.1552112609788
  value: 0.0020826050846733334
mv:
  hps:
    bootstrap: false
    max_features: 0.7
    max_samples: 0.01
    n_estimators: 200
  time: 1958.5286707039922
  value: 0.0003145087393767685
