em:
  hps:
    nu: 0.9019191053294823
  time: 1103.5594741031528
  value: 2.0176394112542912e-05
mv:
  hps:
    nu: 0.47721616982995196
  time: 1217.6032807901502
  value: 292.93700190814366
