hps:
  ff_dim: 8
  lr: 4.1072125487795484e-05
  n_layers: 1
time: 300.21984788030386
value: 0.014103005013313297
