em:
  hps:
    nu: 0.0679689145204946
  time: 1205.6089490763843
  value: 2.0147044883300752e-05
mv:
  hps:
    nu: 0.4008483144732113
  time: 868.9669944085181
  value: 289.90760332339835
