hps:
  ff_dim: 16
  lr: 6.358548817231337e-05
  n_layers: 1
time: 76.76005701598478
value: 0.9998447145061726
