hps:
  ff_dim: 32
  lr: 0.08812358954876927
  n_layers: 2
time: 301.19612373039126
value: 0.008929881562920183
