hps:
  ff_dim: 32
  lr: 0.0003328310479959351
  n_layers: 1
time: 331.8002445064485
value: 0.012935985335903122
