hps:
  nu: 0.000342210207198015
time: 6.290392588824034
value: 0.024936126544807924
