hps:
  ff_dim: 32
  lr: 6.056434166067295e-05
  n_layers: 2
time: 191.2117176949978
value: 0.012763237531375315
