em:
  hps:
    nu: 0.07122556381399882
  time: 1060.0226633436978
  value: 2.2131356263982615e-05
mv:
  hps:
    nu: 0.9594410078456139
  time: 1402.9524786099792
  value: 262.22790580502874
