hps:
  metric: l2
  n_neighbors: 9
time: 14.904181517660618
value: 0.9984307692307693
