em:
  hps:
    bootstrap: true
    max_features: 1.0
    max_samples: 0.05
    n_estimators: 400
  time: 1336.2112941741943
  value: 352.7659775309415
mv:
  hps:
    bootstrap: true
    max_features: 0.5
    max_samples: 0.05
    n_estimators: 100
  time: 1201.4390986785293
  value: 0.003943312017159507
