hps:
  nu: 0.005020815671831857
time: 272.17007953400025
value: 0.4435093612544353
