em:
  hps:
    bootstrap: false
    max_features: 1.0
    max_samples: 0.01
    n_estimators: 400
  time: 1288.524440754205
  value: 0.06833408693016729
mv:
  hps:
    bootstrap: true
    max_features: 0.7
    max_samples: 0.05
    n_estimators: 200
  time: 1249.9046153500676
  value: 1.1787347028223965
