hps:
  metric: l2
  n_neighbors: 5
time: 18.50209368299693
value: 0.0823834327399583
