em:
  hps:
    nu: 0.05270373903022797
  time: 1296.0650902837515
  value: 1.2513098573071024
mv:
  hps:
    nu: 0.010566787979911601
  time: 1772.0833058580756
  value: 0.007602263410035057
