em:
  hps:
    nu: 0.027219728087860277
  time: 763.0194833353162
  value: 1112.5257663381667
mv:
  hps:
    nu: 0.0009846665744253468
  time: 341.4670858979225
  value: 0.00024587354692630467
