em:
  hps:
    bootstrap: true
    max_features: 0.5
    max_samples: 0.05
    n_estimators: 100
  time: 1330.2458830326796
  value: 0.00018086536210842443
mv:
  hps:
    bootstrap: false
    max_features: 1.0
    max_samples: 0.01
    n_estimators: 200
  time: 1342.906707778573
  value: 2076.353619931152
