hps:
  bootstrap: false
  max_features: 1.0
  max_samples: 0.05
  n_estimators: 400
time: 72.23773837089539
value: 0.02912329125061297
