em:
  hps:
    bootstrap: false
    max_features: 1.0
    max_samples: 0.02
    n_estimators: 200
  time: 1228.4882683232427
  value: 1.8893057644129328e-05
mv:
  hps:
    bootstrap: true
    max_features: 0.7
    max_samples: 0.01
    n_estimators: 400
  time: 1229.1690033376217
  value: 3038.2922109374986
