hps:
  nu: 0.9318539278241642
time: 16.17276916297851
value: 0.14215806647182938
