hps:
  epsilon: 0.050099010160467236
  l: 3
time: 729.8796785511076
value: 0.016184012690631744
