hps:
  ff_dim: 32
  lr: 0.029754849570562483
  n_layers: 2
time: 304.7488621622324
value: 0.14495391365691102
