em:
  hps:
    nu: 0.0001032390010957531
  time: 403.4711909107864
  value: 64.31256225853838
mv:
  hps:
    nu: 0.007058884386320089
  time: 384.90210926160216
  value: 0.004126148208975789
