em:
  hps:
    ff_dim: 8
    lr: 5.8250829414829325e-05
    n_layers: 1
  time: 347.3865037448704
  value: 4.4718140001861776e-05
mv:
  hps:
    ff_dim: 8
    lr: 0.0005172839472556687
    n_layers: 2
  time: 301.80755653604865
  value: 2515.381200211424
