em:
  hps:
    ff_dim: 8
    lr: 2.222255423336961e-05
    n_layers: 2
  time: 376.0215460509062
  value: 0.0004120152656204728
mv:
  hps:
    ff_dim: 32
    lr: 1.451576641198005e-05
    n_layers: 1
  time: 301.7099043652415
  value: 120.9072045463935
