em:
  hps:
    nu: 0.05723998286600223
  time: 1076.451860561967
  value: 1.583906875210523e-05
mv:
  hps:
    nu: 0.8606029637054831
  time: 1202.4347306229174
  value: 3464.795850742055
