hps:
  nu: 0.13271429798449594
time: 10.129427082836628
value: 0.02308608636431797
