hps:
  nu: 0.7318821667014663
time: 370.83552495762706
value: 0.008171099084736788
